,Year,Month,MonthlyAnomaly,MonthlyUnc,AnnualAnomaly,AnnualUnc,FiveYearsAnomaly,FiveYearsUnc,TenYearsAnomaly,TenYearsUnc,TwentyYearsAnomaly,TwentyYearsUnc,absoluteTemp,absoluteTempUnc
0,1849,1,-0.799,1.626,NaN,NaN,NaN,NaN,NaN,NaN,NaN,NaN,27.65,0.21
1,1849,2,-0.512,1.993,NaN,NaN,NaN,NaN,NaN,NaN,NaN,NaN,27.65,0.21
2,1849,3,-0.014,1.909,NaN,NaN,NaN,NaN,NaN,NaN,NaN,NaN,27.65,0.21
3,1849,4,-0.428,1.523,NaN,NaN,NaN,NaN,NaN,NaN,NaN,NaN,27.65,0.21
4,1849,5,-0.657,1.399,NaN,NaN,NaN,NaN,NaN,NaN,NaN,NaN,27.65,0.21
5,1849,6,-0.680,1.463,-0.561,0.651,NaN,NaN,NaN,NaN,NaN,NaN,27.65,0.21
6,1849,7,-0.248,1.526,-0.621,0.658,NaN,NaN,NaN,NaN,NaN,NaN,27.65,0.21
7,1849,8,-0.693,1.415,-0.604,0.646,NaN,NaN,NaN,NaN,NaN,NaN,27.65,0.21
8,1849,9,-1.074,1.388,-0.597,0.631,NaN,NaN,NaN,NaN,NaN,NaN,27.65,0.21
9,1849,10,-0.359,1.400,-0.552,0.677,NaN,NaN,NaN,NaN,NaN,NaN,27.65,0.21
10,1849,11,-0.472,1.714,-0.547,0.694,NaN,NaN,NaN,NaN,NaN,NaN,27.65,0.21
11,1849,12,-0.793,1.995,-0.500,0.659,NaN,NaN,NaN,NaN,NaN,NaN,27.65,0.21
12,1850,1,-1.523,1.771,-0.517,0.663,NaN,NaN,NaN,NaN,NaN,NaN,27.65,0.21
13,1850,2,-0.304,1.940,-0.489,0.650,NaN,NaN,NaN,NaN,NaN,NaN,27.65,0.21
14,1850,3,0.063,1.655,-0.445,0.651,NaN,NaN,NaN,NaN,NaN,NaN,27.65,0.21
15,1850,4,0.113,1.657,-0.461,0.640,NaN,NaN,NaN,NaN,NaN,NaN,27.65,0.21
16,1850,5,-0.592,1.817,-0.512,0.636,NaN,NaN,NaN,NaN,NaN,NaN,27.65,0.21
17,1850,6,-0.123,1.358,-0.483,0.598,NaN,NaN,NaN,NaN,NaN,NaN,27.65,0.21
18,1850,7,-0.447,1.353,-0.418,0.577,NaN,NaN,NaN,NaN,NaN,NaN,27.65,0.21
19,1850,8,-0.361,1.359,-0.463,0.581,NaN,NaN,NaN,NaN,NaN,NaN,27.65,0.21
20,1850,9,-0.537,1.458,-0.513,0.590,NaN,NaN,NaN,NaN,NaN,NaN,27.65,0.21
21,1850,10,-0.551,1.392,-0.513,0.583,NaN,NaN,NaN,NaN,NaN,NaN,27.65,0.21
22,1850,11,-1.094,1.501,-0.458,0.584,NaN,NaN,NaN,NaN,NaN,NaN,27.65,0.21
23,1850,12,-0.435,1.470,-0.458,0.590,NaN,NaN,NaN,NaN,NaN,NaN,27.65,0.21
24,1851,1,-0.753,1.419,-0.426,0.602,NaN,NaN,NaN,NaN,NaN,NaN,27.65,0.21
25,1851,2,-0.840,1.669,-0.405,0.618,NaN,NaN,NaN,NaN,NaN,NaN,27.65,0.21
26,1851,3,-0.540,1.547,-0.366,0.612,NaN,NaN,NaN,NaN,NaN,NaN,27.65,0.21
27,1851,4,0.115,1.648,-0.307,0.646,NaN,NaN,NaN,NaN,NaN,NaN,27.65,0.21
28,1851,5,0.069,1.581,-0.292,0.687,NaN,NaN,NaN,NaN,NaN,NaN,27.65,0.21
29,1851,6,-0.117,1.336,-0.185,0.727,NaN,NaN,NaN,NaN,NaN,NaN,27.65,0.21
30,1851,7,-0.065,1.378,-0.160,0.763,NaN,NaN,NaN,NaN,NaN,NaN,27.65,0.21
31,1851,8,-0.114,1.428,NaN,NaN,NaN,NaN,NaN,NaN,NaN,NaN,27.65,0.21
32,1851,9,-0.069,1.401,NaN,NaN,NaN,NaN,NaN,NaN,NaN,NaN,27.65,0.21
33,1851,10,0.157,1.838,NaN,NaN,NaN,NaN,NaN,NaN,NaN,NaN,27.65,0.21
34,1851,11,-0.910,1.561,NaN,NaN,NaN,NaN,NaN,NaN,NaN,NaN,27.65,0.21
35,1851,12,0.848,1.692,NaN,NaN,NaN,NaN,NaN,NaN,NaN,NaN,27.65,0.21
36,1852,1,NaN,NaN,NaN,NaN,NaN,NaN,NaN,NaN,NaN,NaN,27.65,0.21
37,1852,2,NaN,NaN,NaN,NaN,NaN,NaN,NaN,NaN,NaN,NaN,27.65,0.21
38,1852,3,NaN,NaN,NaN,NaN,NaN,NaN,NaN,NaN,NaN,NaN,27.65,0.21
39,1852,4,NaN,NaN,NaN,NaN,NaN,NaN,NaN,NaN,NaN,NaN,27.65,0.21
40,1852,5,NaN,NaN,NaN,NaN,NaN,NaN,NaN,NaN,NaN,NaN,27.65,0.21
41,1852,6,NaN,NaN,NaN,NaN,NaN,NaN,NaN,NaN,NaN,NaN,27.65,0.21
42,1852,7,NaN,NaN,NaN,NaN,NaN,NaN,NaN,NaN,NaN,NaN,27.65,0.21
43,1852,8,NaN,NaN,NaN,NaN,NaN,NaN,NaN,NaN,NaN,NaN,27.65,0.21
44,1852,9,NaN,NaN,NaN,NaN,NaN,NaN,NaN,NaN,NaN,NaN,27.65,0.21
45,1852,10,NaN,NaN,NaN,NaN,NaN,NaN,NaN,NaN,NaN,NaN,27.65,0.21
46,1852,11,NaN,NaN,NaN,NaN,NaN,NaN,NaN,NaN,NaN,NaN,27.65,0.21
47,1852,12,NaN,NaN,NaN,NaN,NaN,NaN,NaN,NaN,NaN,NaN,27.65,0.21
48,1853,1,NaN,NaN,NaN,NaN,NaN,NaN,NaN,NaN,NaN,NaN,27.65,0.21
49,1853,2,NaN,NaN,NaN,NaN,NaN,NaN,NaN,NaN,NaN,NaN,27.65,0.21
50,1853,3,NaN,NaN,NaN,NaN,NaN,NaN,NaN,NaN,NaN,NaN,27.65,0.21
51,1853,4,NaN,NaN,NaN,NaN,NaN,NaN,NaN,NaN,NaN,NaN,27.65,0.21
52,1853,5,NaN,NaN,NaN,NaN,NaN,NaN,NaN,NaN,NaN,NaN,27.65,0.21
53,1853,6,NaN,NaN,NaN,NaN,NaN,NaN,NaN,NaN,NaN,NaN,27.65,0.21
54,1853,7,NaN,NaN,NaN,NaN,NaN,NaN,NaN,NaN,NaN,NaN,27.65,0.21
55,1853,8,NaN,NaN,NaN,NaN,NaN,NaN,NaN,NaN,NaN,NaN,27.65,0.21
56,1853,9,NaN,NaN,NaN,NaN,NaN,NaN,NaN,NaN,NaN,NaN,27.65,0.21
57,1853,10,NaN,NaN,NaN,NaN,NaN,NaN,NaN,NaN,NaN,NaN,27.65,0.21
58,1853,11,NaN,NaN,NaN,NaN,NaN,NaN,NaN,NaN,NaN,NaN,27.65,0.21
59,1853,12,NaN,NaN,NaN,NaN,NaN,NaN,NaN,NaN,NaN,NaN,27.65,0.21
60,1854,1,NaN,NaN,NaN,NaN,NaN,NaN,NaN,NaN,NaN,NaN,27.65,0.21
61,1854,2,NaN,NaN,NaN,NaN,NaN,NaN,NaN,NaN,NaN,NaN,27.65,0.21
62,1854,3,NaN,NaN,NaN,NaN,NaN,NaN,NaN,NaN,NaN,NaN,27.65,0.21
63,1854,4,NaN,NaN,NaN,NaN,NaN,NaN,NaN,NaN,NaN,NaN,27.65,0.21
64,1854,5,NaN,NaN,NaN,NaN,NaN,NaN,NaN,NaN,NaN,NaN,27.65,0.21
65,1854,6,NaN,NaN,NaN,NaN,NaN,NaN,NaN,NaN,NaN,NaN,27.65,0.21
66,1854,7,NaN,NaN,NaN,NaN,NaN,NaN,NaN,NaN,NaN,NaN,27.65,0.21
67,1854,8,NaN,NaN,NaN,NaN,NaN,NaN,NaN,NaN,NaN,NaN,27.65,0.21
68,1854,9,NaN,NaN,NaN,NaN,NaN,NaN,NaN,NaN,NaN,NaN,27.65,0.21
69,1854,10,NaN,NaN,NaN,NaN,NaN,NaN,NaN,NaN,NaN,NaN,27.65,0.21
70,1854,11,NaN,NaN,NaN,NaN,NaN,NaN,NaN,NaN,NaN,NaN,27.65,0.21
71,1854,12,NaN,NaN,NaN,NaN,NaN,NaN,NaN,NaN,NaN,NaN,27.65,0.21
72,1855,1,NaN,NaN,NaN,NaN,NaN,NaN,NaN,NaN,NaN,NaN,27.65,0.21
73,1855,2,NaN,NaN,NaN,NaN,NaN,NaN,NaN,NaN,NaN,NaN,27.65,0.21
74,1855,3,NaN,NaN,NaN,NaN,NaN,NaN,NaN,NaN,NaN,NaN,27.65,0.21
75,1855,4,NaN,NaN,NaN,NaN,NaN,NaN,NaN,NaN,NaN,NaN,27.65,0.21
76,1855,5,NaN,NaN,NaN,NaN,NaN,NaN,NaN,NaN,NaN,NaN,27.65,0.21
77,1855,6,NaN,NaN,NaN,NaN,NaN,NaN,NaN,NaN,NaN,NaN,27.65,0.21
78,1855,7,NaN,NaN,NaN,NaN,NaN,NaN,NaN,NaN,NaN,NaN,27.65,0.21
79,1855,8,NaN,NaN,NaN,NaN,NaN,NaN,NaN,NaN,NaN,NaN,27.65,0.21
80,1855,9,NaN,NaN,NaN,NaN,NaN,NaN,NaN,NaN,NaN,NaN,27.65,0.21
81,1855,10,NaN,NaN,NaN,NaN,NaN,NaN,NaN,NaN,NaN,NaN,27.65,0.21
82,1855,11,NaN,NaN,NaN,NaN,NaN,NaN,NaN,NaN,NaN,NaN,27.65,0.21
83,1855,12,NaN,NaN,NaN,NaN,NaN,NaN,NaN,NaN,NaN,NaN,27.65,0.21
84,1856,1,NaN,NaN,NaN,NaN,NaN,NaN,NaN,NaN,NaN,NaN,27.65,0.21
85,1856,2,NaN,NaN,NaN,NaN,NaN,NaN,NaN,NaN,NaN,NaN,27.65,0.21
86,1856,3,NaN,NaN,NaN,NaN,NaN,NaN,NaN,NaN,NaN,NaN,27.65,0.21
87,1856,4,NaN,NaN,NaN,NaN,NaN,NaN,NaN,NaN,NaN,NaN,27.65,0.21
88,1856,5,NaN,NaN,NaN,NaN,NaN,NaN,NaN,NaN,NaN,NaN,27.65,0.21
89,1856,6,NaN,NaN,NaN,NaN,NaN,NaN,NaN,NaN,NaN,NaN,27.65,0.21
90,1856,7,NaN,NaN,NaN,NaN,NaN,NaN,NaN,NaN,NaN,NaN,27.65,0.21
91,1856,8,NaN,NaN,NaN,NaN,NaN,NaN,NaN,NaN,NaN,NaN,27.65,0.21
92,1856,9,NaN,NaN,NaN,NaN,NaN,NaN,NaN,NaN,NaN,NaN,27.65,0.21
93,1856,10,NaN,NaN,NaN,NaN,NaN,NaN,NaN,NaN,NaN,NaN,27.65,0.21
94,1856,11,NaN,NaN,NaN,NaN,NaN,NaN,NaN,NaN,NaN,NaN,27.65,0.21
95,1856,12,NaN,NaN,NaN,NaN,NaN,NaN,NaN,NaN,NaN,NaN,27.65,0.21
96,1857,1,NaN,NaN,NaN,NaN,NaN,NaN,NaN,NaN,NaN,NaN,27.65,0.21
97,1857,2,NaN,NaN,NaN,NaN,NaN,NaN,NaN,NaN,NaN,NaN,27.65,0.21
98,1857,3,NaN,NaN,NaN,NaN,NaN,NaN,NaN,NaN,NaN,NaN,27.65,0.21
99,1857,4,NaN,NaN,NaN,NaN,NaN,NaN,NaN,NaN,NaN,NaN,27.65,0.21
100,1857,5,NaN,NaN,NaN,NaN,NaN,NaN,NaN,NaN,NaN,NaN,27.65,0.21
101,1857,6,NaN,NaN,NaN,NaN,NaN,NaN,NaN,NaN,NaN,NaN,27.65,0.21
102,1857,7,NaN,NaN,NaN,NaN,NaN,NaN,NaN,NaN,NaN,NaN,27.65,0.21
103,1857,8,NaN,NaN,NaN,NaN,NaN,NaN,NaN,NaN,NaN,NaN,27.65,0.21
104,1857,9,1.577,4.233,NaN,NaN,NaN,NaN,NaN,NaN,NaN,NaN,27.65,0.21
105,1857,10,NaN,NaN,NaN,NaN,NaN,NaN,NaN,NaN,NaN,NaN,27.65,0.21
106,1857,11,NaN,NaN,NaN,NaN,NaN,NaN,NaN,NaN,NaN,NaN,27.65,0.21
107,1857,12,NaN,NaN,NaN,NaN,NaN,NaN,NaN,NaN,NaN,NaN,27.65,0.21
108,1858,1,NaN,NaN,NaN,NaN,NaN,NaN,NaN,NaN,NaN,NaN,27.65,0.21
109,1858,2,NaN,NaN,NaN,NaN,NaN,NaN,NaN,NaN,NaN,NaN,27.65,0.21
110,1858,3,-0.753,1.623,NaN,NaN,NaN,NaN,NaN,NaN,NaN,NaN,27.65,0.21
111,1858,4,0.231,1.935,NaN,NaN,NaN,NaN,NaN,NaN,NaN,NaN,27.65,0.21
112,1858,5,-0.061,1.331,NaN,NaN,NaN,NaN,NaN,NaN,NaN,NaN,27.65,0.21
113,1858,6,0.934,1.942,0.102,0.588,NaN,NaN,NaN,NaN,NaN,NaN,27.65,0.21
114,1858,7,0.455,1.917,0.040,0.542,NaN,NaN,NaN,NaN,NaN,NaN,27.65,0.21
115,1858,8,0.958,2.704,0.034,0.537,NaN,NaN,NaN,NaN,NaN,NaN,27.65,0.21
116,1858,9,0.974,2.570,0.019,0.511,NaN,NaN,NaN,NaN,NaN,NaN,27.65,0.21
117,1858,10,NaN,NaN,0.249,0.676,NaN,NaN,NaN,NaN,NaN,NaN,27.65,0.21
118,1858,11,1.144,1.376,0.443,0.945,NaN,NaN,NaN,NaN,NaN,NaN,27.65,0.21
119,1858,12,-1.192,1.810,0.468,1.019,NaN,NaN,NaN,NaN,NaN,NaN,27.65,0.21
120,1859,1,-1.281,1.529,0.383,0.936,NaN,NaN,NaN,NaN,NaN,NaN,27.65,0.21
121,1859,2,NaN,NaN,NaN,NaN,NaN,NaN,NaN,NaN,NaN,NaN,27.65,0.21
122,1859,3,-0.930,1.958,NaN,NaN,NaN,NaN,NaN,NaN,NaN,NaN,27.65,0.21
123,1859,4,2.983,3.180,NaN,NaN,NaN,NaN,NaN,NaN,NaN,NaN,27.65,0.21
124,1859,5,2.268,3.649,NaN,NaN,NaN,NaN,NaN,NaN,NaN,NaN,27.65,0.21
125,1859,6,1.233,2.896,NaN,NaN,NaN,NaN,NaN,NaN,NaN,NaN,27.65,0.21
126,1859,7,NaN,NaN,NaN,NaN,NaN,NaN,NaN,NaN,NaN,NaN,27.65,0.21
127,1859,8,NaN,NaN,NaN,NaN,NaN,NaN,NaN,NaN,NaN,NaN,27.65,0.21
128,1859,9,-0.238,1.204,NaN,NaN,NaN,NaN,NaN,NaN,NaN,NaN,27.65,0.21
129,1859,10,NaN,NaN,NaN,NaN,NaN,NaN,NaN,NaN,NaN,NaN,27.65,0.21
130,1859,11,NaN,NaN,NaN,NaN,NaN,NaN,NaN,NaN,NaN,NaN,27.65,0.21
131,1859,12,NaN,NaN,NaN,NaN,NaN,NaN,NaN,NaN,NaN,NaN,27.65,0.21
132,1860,1,-1.348,1.924,NaN,NaN,NaN,NaN,NaN,NaN,NaN,NaN,27.65,0.21
133,1860,2,-2.010,1.914,NaN,NaN,NaN,NaN,NaN,NaN,NaN,NaN,27.65,0.21
134,1860,3,0.029,2.384,NaN,NaN,NaN,NaN,NaN,NaN,NaN,NaN,27.65,0.21
135,1860,4,NaN,NaN,-0.785,1.133,NaN,NaN,NaN,NaN,NaN,NaN,27.65,0.21
136,1860,5,-0.404,1.983,-0.882,1.306,NaN,NaN,NaN,NaN,NaN,NaN,27.65,0.21
137,1860,6,-0.375,1.532,-0.927,1.329,NaN,NaN,NaN,NaN,NaN,NaN,27.65,0.21
138,1860,7,-1.073,2.234,-0.980,1.270,NaN,NaN,NaN,NaN,NaN,NaN,27.65,0.21
139,1860,8,-0.652,1.595,NaN,NaN,NaN,NaN,NaN,NaN,NaN,NaN,27.65,0.21
140,1860,9,-2.023,2.684,NaN,NaN,NaN,NaN,NaN,NaN,NaN,NaN,27.65,0.21
141,1860,10,-1.910,3.381,NaN,NaN,NaN,NaN,NaN,NaN,NaN,NaN,27.65,0.21
142,1860,11,-1.383,2.754,NaN,NaN,NaN,NaN,NaN,NaN,NaN,NaN,27.65,0.21
143,1860,12,NaN,NaN,NaN,NaN,NaN,NaN,NaN,NaN,NaN,NaN,27.65,0.21
144,1861,1,NaN,NaN,NaN,NaN,NaN,NaN,NaN,NaN,NaN,NaN,27.65,0.21
145,1861,2,NaN,NaN,NaN,NaN,NaN,NaN,NaN,NaN,NaN,NaN,27.65,0.21
146,1861,3,NaN,NaN,NaN,NaN,NaN,NaN,NaN,NaN,NaN,NaN,27.65,0.21
147,1861,4,NaN,NaN,NaN,NaN,NaN,NaN,NaN,NaN,NaN,NaN,27.65,0.21
148,1861,5,NaN,NaN,NaN,NaN,NaN,NaN,NaN,NaN,NaN,NaN,27.65,0.21
149,1861,6,NaN,NaN,NaN,NaN,NaN,NaN,NaN,NaN,NaN,NaN,27.65,0.21
150,1861,7,NaN,NaN,NaN,NaN,NaN,NaN,NaN,NaN,NaN,NaN,27.65,0.21
151,1861,8,NaN,NaN,NaN,NaN,NaN,NaN,NaN,NaN,NaN,NaN,27.65,0.21
152,1861,9,NaN,NaN,NaN,NaN,NaN,NaN,NaN,NaN,NaN,NaN,27.65,0.21
153,1861,10,NaN,NaN,NaN,NaN,NaN,NaN,NaN,NaN,NaN,NaN,27.65,0.21
154,1861,11,NaN,NaN,NaN,NaN,NaN,NaN,NaN,NaN,NaN,NaN,27.65,0.21
155,1861,12,NaN,NaN,NaN,NaN,NaN,NaN,NaN,NaN,NaN,NaN,27.65,0.21
156,1862,1,-1.203,1.837,NaN,NaN,NaN,NaN,NaN,NaN,NaN,NaN,27.65,0.21
157,1862,2,-1.866,1.396,NaN,NaN,NaN,NaN,NaN,NaN,NaN,NaN,27.65,0.21
158,1862,3,-1.898,1.751,NaN,NaN,NaN,NaN,NaN,NaN,NaN,NaN,27.65,0.21
159,1862,4,-1.420,2.253,-0.542,0.586,NaN,NaN,NaN,NaN,NaN,NaN,27.65,0.21
160,1862,5,NaN,NaN,-0.699,0.616,NaN,NaN,NaN,NaN,NaN,NaN,27.65,0.21
161,1862,6,-0.481,1.650,-0.829,0.622,NaN,NaN,NaN,NaN,NaN,NaN,27.65,0.21
162,1862,7,0.479,1.261,-0.771,0.585,NaN,NaN,NaN,NaN,NaN,NaN,27.65,0.21
163,1862,8,0.008,1.374,NaN,NaN,NaN,NaN,NaN,NaN,NaN,NaN,27.65,0.21
164,1862,9,-0.420,1.353,NaN,NaN,NaN,NaN,NaN,NaN,NaN,NaN,27.65,0.21
165,1862,10,-0.289,1.082,NaN,NaN,NaN,NaN,NaN,NaN,NaN,NaN,27.65,0.21
166,1862,11,NaN,NaN,NaN,NaN,NaN,NaN,NaN,NaN,NaN,NaN,27.65,0.21
167,1862,12,-1.627,1.888,NaN,NaN,NaN,NaN,NaN,NaN,NaN,NaN,27.65,0.21
168,1863,1,NaN,NaN,NaN,NaN,NaN,NaN,NaN,NaN,NaN,NaN,27.65,0.21
169,1863,2,NaN,NaN,NaN,NaN,NaN,NaN,NaN,NaN,NaN,NaN,27.65,0.21
170,1863,3,NaN,NaN,NaN,NaN,NaN,NaN,NaN,NaN,NaN,NaN,27.65,0.21
171,1863,4,NaN,NaN,NaN,NaN,NaN,NaN,NaN,NaN,NaN,NaN,27.65,0.21
172,1863,5,NaN,NaN,NaN,NaN,NaN,NaN,NaN,NaN,NaN,NaN,27.65,0.21
173,1863,6,NaN,NaN,NaN,NaN,NaN,NaN,NaN,NaN,NaN,NaN,27.65,0.21
174,1863,7,NaN,NaN,NaN,NaN,NaN,NaN,NaN,NaN,NaN,NaN,27.65,0.21
175,1863,8,NaN,NaN,NaN,NaN,NaN,NaN,NaN,NaN,NaN,NaN,27.65,0.21
176,1863,9,NaN,NaN,NaN,NaN,NaN,NaN,NaN,NaN,NaN,NaN,27.65,0.21
177,1863,10,NaN,NaN,NaN,NaN,NaN,NaN,NaN,NaN,NaN,NaN,27.65,0.21
178,1863,11,NaN,NaN,NaN,NaN,NaN,NaN,NaN,NaN,NaN,NaN,27.65,0.21
179,1863,12,NaN,NaN,NaN,NaN,NaN,NaN,NaN,NaN,NaN,NaN,27.65,0.21
180,1864,1,NaN,NaN,NaN,NaN,NaN,NaN,NaN,NaN,NaN,NaN,27.65,0.21
181,1864,2,NaN,NaN,NaN,NaN,NaN,NaN,NaN,NaN,NaN,NaN,27.65,0.21
182,1864,3,NaN,NaN,NaN,NaN,NaN,NaN,NaN,NaN,NaN,NaN,27.65,0.21
183,1864,4,NaN,NaN,NaN,NaN,NaN,NaN,NaN,NaN,NaN,NaN,27.65,0.21
184,1864,5,NaN,NaN,NaN,NaN,NaN,NaN,NaN,NaN,NaN,NaN,27.65,0.21
185,1864,6,NaN,NaN,NaN,NaN,NaN,NaN,NaN,NaN,NaN,NaN,27.65,0.21
186,1864,7,NaN,NaN,NaN,NaN,NaN,NaN,NaN,NaN,NaN,NaN,27.65,0.21
187,1864,8,NaN,NaN,NaN,NaN,NaN,NaN,NaN,NaN,NaN,NaN,27.65,0.21
188,1864,9,NaN,NaN,NaN,NaN,NaN,NaN,NaN,NaN,NaN,NaN,27.65,0.21
189,1864,10,NaN,NaN,NaN,NaN,NaN,NaN,NaN,NaN,NaN,NaN,27.65,0.21
190,1864,11,NaN,NaN,NaN,NaN,NaN,NaN,NaN,NaN,NaN,NaN,27.65,0.21
191,1864,12,NaN,NaN,NaN,NaN,NaN,NaN,NaN,NaN,NaN,NaN,27.65,0.21
192,1865,1,0.367,1.488,NaN,NaN,NaN,NaN,NaN,NaN,NaN,NaN,27.65,0.21
193,1865,2,0.215,1.502,NaN,NaN,NaN,NaN,NaN,NaN,NaN,NaN,27.65,0.21
194,1865,3,-0.128,1.613,NaN,NaN,NaN,NaN,NaN,NaN,NaN,NaN,27.65,0.21
195,1865,4,-0.367,1.591,NaN,NaN,NaN,NaN,NaN,NaN,NaN,NaN,27.65,0.21
196,1865,5,-0.222,1.504,-0.108,0.632,NaN,NaN,NaN,NaN,NaN,NaN,27.65,0.21
197,1865,6,-0.268,1.380,-0.111,0.624,NaN,NaN,NaN,NaN,NaN,NaN,27.65,0.21
198,1865,7,-0.130,1.725,-0.209,0.614,NaN,NaN,NaN,NaN,NaN,NaN,27.65,0.21
199,1865,8,-0.518,1.563,-0.283,0.622,NaN,NaN,NaN,NaN,NaN,NaN,27.65,0.21
200,1865,9,-0.226,1.462,-0.341,0.662,NaN,NaN,NaN,NaN,NaN,NaN,27.65,0.21
201,1865,10,0.323,1.317,-0.304,0.681,NaN,NaN,NaN,NaN,NaN,NaN,27.65,0.21
202,1865,11,0.324,1.479,-0.307,0.711,NaN,NaN,NaN,NaN,NaN,NaN,27.65,0.21
203,1865,12,-0.704,1.622,-0.318,0.715,NaN,NaN,NaN,NaN,NaN,NaN,27.65,0.21
204,1866,1,-0.811,1.694,-0.297,0.726,NaN,NaN,NaN,NaN,NaN,NaN,27.65,0.21
205,1866,2,-0.672,1.894,NaN,NaN,NaN,NaN,NaN,NaN,NaN,NaN,27.65,0.21
206,1866,3,-0.827,1.959,NaN,NaN,NaN,NaN,NaN,NaN,NaN,NaN,27.65,0.21
207,1866,4,NaN,NaN,NaN,NaN,NaN,NaN,NaN,NaN,NaN,NaN,27.65,0.21
208,1866,5,-0.255,1.540,NaN,NaN,NaN,NaN,NaN,NaN,NaN,NaN,27.65,0.21
209,1866,6,-0.407,1.660,NaN,NaN,NaN,NaN,NaN,NaN,NaN,NaN,27.65,0.21
210,1866,7,NaN,NaN,NaN,NaN,NaN,NaN,NaN,NaN,NaN,NaN,27.65,0.21
211,1866,8,NaN,NaN,NaN,NaN,NaN,NaN,NaN,NaN,NaN,NaN,27.65,0.21
212,1866,9,NaN,NaN,NaN,NaN,NaN,NaN,NaN,NaN,NaN,NaN,27.65,0.21
213,1866,10,NaN,NaN,NaN,NaN,NaN,NaN,NaN,NaN,NaN,NaN,27.65,0.21
214,1866,11,NaN,NaN,NaN,NaN,NaN,NaN,NaN,NaN,NaN,NaN,27.65,0.21
215,1866,12,NaN,NaN,NaN,NaN,NaN,NaN,NaN,NaN,NaN,NaN,27.65,0.21
216,1867,1,NaN,NaN,NaN,NaN,NaN,NaN,NaN,NaN,NaN,NaN,27.65,0.21
217,1867,2,NaN,NaN,NaN,NaN,NaN,NaN,NaN,NaN,NaN,NaN,27.65,0.21
218,1867,3,NaN,NaN,NaN,NaN,NaN,NaN,NaN,NaN,NaN,NaN,27.65,0.21
219,1867,4,NaN,NaN,NaN,NaN,NaN,NaN,NaN,NaN,NaN,NaN,27.65,0.21
220,1867,5,NaN,NaN,NaN,NaN,NaN,NaN,NaN,NaN,NaN,NaN,27.65,0.21
221,1867,6,NaN,NaN,NaN,NaN,NaN,NaN,NaN,NaN,NaN,NaN,27.65,0.21
222,1867,7,NaN,NaN,NaN,NaN,NaN,NaN,NaN,NaN,NaN,NaN,27.65,0.21
223,1867,8,NaN,NaN,NaN,NaN,NaN,NaN,NaN,NaN,NaN,NaN,27.65,0.21
224,1867,9,NaN,NaN,NaN,NaN,NaN,NaN,NaN,NaN,NaN,NaN,27.65,0.21
225,1867,10,NaN,NaN,NaN,NaN,NaN,NaN,NaN,NaN,NaN,NaN,27.65,0.21
226,1867,11,NaN,NaN,NaN,NaN,NaN,NaN,NaN,NaN,NaN,NaN,27.65,0.21
227,1867,12,NaN,NaN,NaN,NaN,NaN,NaN,NaN,NaN,NaN,NaN,27.65,0.21
228,1868,1,-0.304,1.182,NaN,NaN,NaN,NaN,NaN,NaN,NaN,NaN,27.65,0.21
229,1868,2,-0.634,1.518,NaN,NaN,NaN,NaN,NaN,NaN,NaN,NaN,27.65,0.21
230,1868,3,-1.086,1.697,NaN,NaN,NaN,NaN,NaN,NaN,NaN,NaN,27.65,0.21
231,1868,4,-0.857,1.277,-0.252,0.615,NaN,NaN,NaN,NaN,NaN,NaN,27.65,0.21
232,1868,5,NaN,NaN,-0.457,0.561,NaN,NaN,NaN,NaN,NaN,NaN,27.65,0.21
233,1868,6,-1.342,1.228,-0.467,0.540,NaN,NaN,NaN,NaN,NaN,NaN,27.65,0.21
234,1868,7,-0.094,1.080,-0.511,0.574,NaN,NaN,NaN,NaN,NaN,NaN,27.65,0.21
235,1868,8,0.449,1.092,-0.544,0.608,NaN,NaN,NaN,NaN,NaN,NaN,27.65,0.21
236,1868,9,0.404,1.261,-0.475,0.616,NaN,NaN,NaN,NaN,NaN,NaN,27.65,0.21
237,1868,10,-0.821,1.311,-0.377,0.599,NaN,NaN,NaN,NaN,NaN,NaN,27.65,0.21
238,1868,11,-1.292,1.126,-0.453,0.570,NaN,NaN,NaN,NaN,NaN,NaN,27.65,0.21
239,1868,12,0.063,1.640,-0.296,0.584,NaN,NaN,NaN,NaN,NaN,NaN,27.65,0.21
240,1869,1,-0.833,1.550,-0.224,0.584,NaN,NaN,NaN,NaN,NaN,NaN,27.65,0.21
241,1869,2,-1.023,1.798,-0.223,0.614,NaN,NaN,NaN,NaN,NaN,NaN,27.65,0.21
242,1869,3,NaN,NaN,-0.148,0.596,NaN,NaN,NaN,NaN,NaN,NaN,27.65,0.21
243,1869,4,NaN,NaN,-0.002,0.575,NaN,NaN,NaN,NaN,NaN,NaN,27.65,0.21
244,1869,5,-1.002,1.199,-0.022,0.606,NaN,NaN,NaN,NaN,NaN,NaN,27.65,0.21
245,1869,6,0.536,1.071,-0.095,0.573,NaN,NaN,NaN,NaN,NaN,NaN,27.65,0.21
246,1869,7,0.777,1.147,-0.070,0.567,NaN,NaN,NaN,NaN,NaN,NaN,27.65,0.21
247,1869,8,0.456,1.119,-0.107,0.536,NaN,NaN,NaN,NaN,NaN,NaN,27.65,0.21
248,1869,9,1.307,1.149,-0.113,0.509,NaN,NaN,NaN,NaN,NaN,NaN,27.65,0.21
249,1869,10,0.929,1.098,-0.235,0.498,NaN,NaN,NaN,NaN,NaN,NaN,27.65,0.21
250,1869,11,-1.533,1.127,-0.254,0.509,NaN,NaN,NaN,NaN,NaN,NaN,27.65,0.21
251,1869,12,-0.807,1.287,-0.266,0.495,NaN,NaN,NaN,NaN,NaN,NaN,27.65,0.21
252,1870,1,-0.535,1.367,-0.280,0.495,NaN,NaN,NaN,NaN,NaN,NaN,27.65,0.21
253,1870,2,-1.467,1.449,-0.273,0.490,NaN,NaN,NaN,NaN,NaN,NaN,27.65,0.21
254,1870,3,NaN,NaN,-0.297,0.498,NaN,NaN,NaN,NaN,NaN,NaN,27.65,0.21
255,1870,4,-1.144,1.332,-0.255,0.502,NaN,NaN,NaN,NaN,NaN,NaN,27.65,0.21
256,1870,5,-1.232,1.162,-0.140,0.503,NaN,NaN,NaN,NaN,NaN,NaN,27.65,0.21
257,1870,6,0.386,1.567,-0.027,0.489,NaN,NaN,NaN,NaN,NaN,NaN,27.65,0.21
258,1870,7,0.611,1.231,-0.145,0.517,NaN,NaN,NaN,NaN,NaN,NaN,27.65,0.21
259,1870,8,0.543,1.236,-0.145,0.537,NaN,NaN,NaN,NaN,NaN,NaN,27.65,0.21
260,1870,9,1.015,1.133,-0.170,0.563,NaN,NaN,NaN,NaN,NaN,NaN,27.65,0.21
261,1870,10,1.429,1.401,NaN,NaN,NaN,NaN,NaN,NaN,NaN,NaN,27.65,0.21
262,1870,11,-0.148,1.252,NaN,NaN,NaN,NaN,NaN,NaN,NaN,NaN,27.65,0.21
263,1870,12,0.552,1.333,NaN,NaN,NaN,NaN,NaN,NaN,NaN,NaN,27.65,0.21
264,1871,1,NaN,NaN,NaN,NaN,NaN,NaN,NaN,NaN,NaN,NaN,27.65,0.21
265,1871,2,NaN,NaN,NaN,NaN,NaN,NaN,NaN,NaN,NaN,NaN,27.65,0.21
266,1871,3,NaN,NaN,NaN,NaN,NaN,NaN,NaN,NaN,NaN,NaN,27.65,0.21
267,1871,4,NaN,NaN,NaN,NaN,NaN,NaN,NaN,NaN,NaN,NaN,27.65,0.21
268,1871,5,NaN,NaN,NaN,NaN,NaN,NaN,NaN,NaN,NaN,NaN,27.65,0.21
269,1871,6,NaN,NaN,NaN,NaN,NaN,NaN,NaN,NaN,NaN,NaN,27.65,0.21
270,1871,7,NaN,NaN,NaN,NaN,NaN,NaN,NaN,NaN,NaN,NaN,27.65,0.21
271,1871,8,NaN,NaN,NaN,NaN,NaN,NaN,NaN,NaN,NaN,NaN,27.65,0.21
272,1871,9,NaN,NaN,NaN,NaN,NaN,NaN,NaN,NaN,NaN,NaN,27.65,0.21
273,1871,10,NaN,NaN,NaN,NaN,NaN,NaN,NaN,NaN,NaN,NaN,27.65,0.21
274,1871,11,NaN,NaN,NaN,NaN,NaN,NaN,NaN,NaN,NaN,NaN,27.65,0.21
275,1871,12,NaN,NaN,NaN,NaN,NaN,NaN,NaN,NaN,NaN,NaN,27.65,0.21
276,1872,1,NaN,NaN,NaN,NaN,NaN,NaN,NaN,NaN,NaN,NaN,27.65,0.21
277,1872,2,NaN,NaN,NaN,NaN,NaN,NaN,NaN,NaN,NaN,NaN,27.65,0.21
278,1872,3,NaN,NaN,NaN,NaN,NaN,NaN,NaN,NaN,NaN,NaN,27.65,0.21
279,1872,4,NaN,NaN,NaN,NaN,NaN,NaN,NaN,NaN,NaN,NaN,27.65,0.21
280,1872,5,NaN,NaN,NaN,NaN,NaN,NaN,NaN,NaN,NaN,NaN,27.65,0.21
281,1872,6,NaN,NaN,NaN,NaN,NaN,NaN,NaN,NaN,NaN,NaN,27.65,0.21
282,1872,7,NaN,NaN,NaN,NaN,NaN,NaN,NaN,NaN,NaN,NaN,27.65,0.21
283,1872,8,NaN,NaN,NaN,NaN,NaN,NaN,NaN,NaN,NaN,NaN,27.65,0.21
284,1872,9,NaN,NaN,NaN,NaN,NaN,NaN,NaN,NaN,NaN,NaN,27.65,0.21
285,1872,10,NaN,NaN,NaN,NaN,NaN,NaN,NaN,NaN,NaN,NaN,27.65,0.21
286,1872,11,NaN,NaN,NaN,NaN,NaN,NaN,NaN,NaN,NaN,NaN,27.65,0.21
287,1872,12,NaN,NaN,NaN,NaN,NaN,NaN,NaN,NaN,NaN,NaN,27.65,0.21
288,1873,1,NaN,NaN,NaN,NaN,NaN,NaN,NaN,NaN,NaN,NaN,27.65,0.21
289,1873,2,NaN,NaN,NaN,NaN,NaN,NaN,NaN,NaN,NaN,NaN,27.65,0.21
290,1873,3,NaN,NaN,NaN,NaN,NaN,NaN,NaN,NaN,NaN,NaN,27.65,0.21
291,1873,4,NaN,NaN,NaN,NaN,NaN,NaN,NaN,NaN,NaN,NaN,27.65,0.21
292,1873,5,NaN,NaN,NaN,NaN,NaN,NaN,NaN,NaN,NaN,NaN,27.65,0.21
293,1873,6,NaN,NaN,NaN,NaN,NaN,NaN,NaN,NaN,NaN,NaN,27.65,0.21
294,1873,7,-0.273,1.350,NaN,NaN,NaN,NaN,NaN,NaN,NaN,NaN,27.65,0.21
295,1873,8,-0.428,1.006,NaN,NaN,NaN,NaN,NaN,NaN,NaN,NaN,27.65,0.21
296,1873,9,0.117,0.993,-0.413,0.582,NaN,NaN,NaN,NaN,NaN,NaN,27.65,0.21
297,1873,10,-0.569,1.029,-0.364,0.577,NaN,NaN,NaN,NaN,NaN,NaN,27.65,0.21
298,1873,11,-1.181,1.433,-0.387,0.571,NaN,NaN,NaN,NaN,NaN,NaN,27.65,0.21
299,1873,12,0.441,1.081,-0.379,0.581,NaN,NaN,NaN,NaN,NaN,NaN,27.65,0.21
300,1874,1,-1.309,1.133,-0.401,0.551,NaN,NaN,NaN,NaN,NaN,NaN,27.65,0.21
301,1874,2,-0.455,1.146,-0.439,0.564,NaN,NaN,NaN,NaN,NaN,NaN,27.65,0.21
302,1874,3,-1.409,0.939,-0.448,0.607,NaN,NaN,NaN,NaN,NaN,NaN,27.65,0.21
303,1874,4,0.512,1.082,-0.392,0.605,NaN,NaN,NaN,NaN,NaN,NaN,27.65,0.21
304,1874,5,-0.279,1.448,-0.329,0.581,NaN,NaN,NaN,NaN,NaN,NaN,27.65,0.21
305,1874,6,0.291,1.193,-0.419,0.575,NaN,NaN,NaN,NaN,NaN,NaN,27.65,0.21
306,1874,7,-0.540,1.032,-0.379,0.553,NaN,NaN,NaN,NaN,NaN,NaN,27.65,0.21
307,1874,8,-0.885,1.217,-0.421,0.520,NaN,NaN,NaN,NaN,NaN,NaN,27.65,0.21
308,1874,9,0.012,1.050,-0.347,0.546,-0.304,0.405,NaN,NaN,NaN,NaN,27.65,0.21
309,1874,10,0.095,1.101,-0.386,0.545,-0.303,0.410,NaN,NaN,NaN,NaN,27.65,0.21
310,1874,11,-0.421,1.130,-0.390,0.533,-0.291,0.405,NaN,NaN,-0.215,0.194,27.65,0.21
311,1874,12,-0.635,1.134,-0.473,0.517,-0.295,0.406,NaN,NaN,-0.215,0.193,27.65,0.21
312,1875,1,-0.831,1.018,-0.444,0.529,-0.290,0.398,NaN,NaN,-0.222,0.193,27.65,0.21
313,1875,2,-0.959,1.195,-0.424,0.540,-0.282,0.400,NaN,NaN,-0.225,0.192,27.65,0.21
314,1875,3,-0.527,1.056,-0.424,0.559,-0.272,0.405,-0.189,0.290,-0.228,0.191,27.65,0.21
315,1875,4,0.043,1.050,-0.458,0.541,-0.260,0.400,-0.186,0.289,-0.232,0.190,27.65,0.21
316,1875,5,-0.322,0.954,-0.512,0.552,-0.240,0.403,-0.182,0.287,-0.232,0.189,27.65,0.21
317,1875,6,-0.710,1.104,-0.469,0.532,-0.230,0.395,-0.193,0.276,-0.234,0.189,27.65,0.21
318,1875,7,-0.183,1.049,-0.500,0.529,-0.233,0.400,-0.202,0.268,-0.237,0.189,27.65,0.21
319,1875,8,-0.649,1.073,-0.443,0.574,-0.217,0.415,-0.214,0.260,-0.238,0.188,27.65,0.21
320,1875,9,0.007,1.070,-0.332,0.543,-0.193,0.416,-0.228,0.259,-0.242,0.186,27.65,0.21
321,1875,10,-0.304,0.897,-0.253,0.561,-0.167,0.431,-0.239,0.251,-0.246,0.186,27.65,0.21
322,1875,11,-1.075,1.405,-0.217,0.573,-0.144,0.437,-0.244,0.253,-0.252,0.186,27.65,0.21
323,1875,12,-0.120,1.109,-0.137,0.597,-0.111,0.450,-0.254,0.254,-0.247,0.184,27.65,0.21
324,1876,1,-1.204,1.126,-0.132,0.566,-0.101,0.442,-0.226,0.252,-0.251,0.184,27.65,0.21
325,1876,2,-0.270,1.024,-0.102,0.541,-0.093,0.439,-0.216,0.254,-0.253,0.183,27.65,0.21
326,1876,3,0.808,0.884,-0.100,0.538,-0.094,0.440,-0.205,0.257,-0.246,0.181,27.65,0.21
327,1876,4,0.989,1.414,-0.086,0.564,-0.092,0.432,-0.209,0.260,-0.248,0.181,27.65,0.21
328,1876,5,0.109,1.103,0.039,0.581,-0.066,0.429,-0.200,0.259,-0.249,0.180,27.65,0.21
329,1876,6,0.248,1.101,0.063,0.633,-0.065,0.421,-0.192,0.259,-0.248,0.178,27.65,0.21
330,1876,7,-0.122,1.021,0.153,0.685,-0.049,0.420,-0.193,0.255,-0.250,0.177,27.65,0.21
331,1876,8,-0.285,0.978,0.137,0.685,-0.041,0.410,-0.191,0.255,-0.251,0.175,27.65,0.21
332,1876,9,0.026,1.010,0.077,0.694,-0.029,0.415,-0.185,0.252,-0.254,0.173,27.65,0.21
333,1876,10,-0.133,1.056,0.008,0.644,-0.035,0.414,-0.193,0.256,-0.257,0.171,27.65,0.21
334,1876,11,0.422,1.202,0.059,0.599,-0.027,0.418,-0.193,0.256,-0.263,0.172,27.65,0.21
335,1876,12,0.172,1.473,0.022,0.560,-0.023,0.404,-0.197,0.262,-0.269,0.172,27.65,0.21
336,1877,1,-0.132,1.347,0.067,0.546,-0.023,0.406,-0.191,0.262,-0.272,0.171,27.65,0.21
337,1877,2,-0.453,1.126,0.125,0.552,-0.035,0.406,-0.185,0.263,-0.274,0.169,27.65,0.21
338,1877,3,0.087,1.063,0.151,0.555,-0.046,0.404,-0.189,0.258,-0.277,0.168,27.65,0.21
339,1877,4,0.158,0.996,0.184,0.544,-0.049,0.398,-0.190,0.257,-0.281,0.169,27.65,0.21
340,1877,5,0.724,1.005,0.145,0.516,-0.035,0.387,-0.187,0.255,-0.282,0.168,27.65,0.21
341,1877,6,-0.203,1.071,0.035,0.482,-0.030,0.377,-0.187,0.256,-0.285,0.167,27.65,0.21
342,1877,7,0.422,0.946,-0.093,0.466,-0.031,0.369,-0.187,0.250,-0.287,0.167,27.65,0.21
343,1877,8,0.408,0.946,-0.022,0.475,-0.033,0.374,-0.189,0.248,-0.291,0.166,27.65,0.21
344,1877,9,0.338,1.117,0.052,0.478,-0.046,0.356,-0.195,0.249,-0.293,0.164,27.65,0.21
345,1877,10,0.261,1.014,0.162,0.504,-0.061,0.346,-0.189,0.244,-0.295,0.164,27.65,0.21
346,1877,11,-0.042,0.956,0.212,0.526,-0.067,0.336,-0.183,0.242,-0.301,0.162,27.65,0.21
347,1877,12,-1.150,0.945,0.414,0.569,-0.072,0.322,-0.172,0.237,-0.300,0.162,27.65,0.21
348,1878,1,-1.661,1.084,0.403,0.595,-0.076,0.307,-0.166,0.233,-0.302,0.163,27.65,0.21
349,1878,2,0.393,1.209,0.376,0.605,-0.079,0.293,-0.170,0.233,-0.303,0.160,27.65,0.21
350,1878,3,0.970,1.050,0.354,0.591,-0.092,0.286,-0.172,0.234,-0.299,0.159,27.65,0.21
351,1878,4,1.482,1.223,0.292,0.568,-0.084,0.280,-0.171,0.233,-0.295,0.157,27.65,0.21
352,1878,5,1.331,1.145,0.325,0.594,-0.080,0.280,-0.175,0.235,-0.296,0.156,27.65,0.21
353,1878,6,2.211,1.345,0.466,0.534,-0.087,0.286,-0.172,0.234,-0.292,0.154,27.65,0.21
354,1878,7,0.294,1.044,0.573,0.560,-0.043,0.289,-0.168,0.231,-0.292,0.153,27.65,0.21
355,1878,8,0.090,0.985,0.543,0.521,-0.044,0.284,-0.174,0.229,-0.298,0.153,27.65,0.21
356,1878,9,0.065,1.007,0.404,0.503,-0.046,0.288,-0.180,0.231,-0.301,0.153,27.65,0.21
357,1878,10,-0.485,0.885,0.293,0.508,-0.052,0.281,-0.180,0.228,-0.296,0.152,27.65,0.21
358,1878,11,0.366,1.184,0.200,0.499,-0.041,0.283,-0.176,0.219,-0.291,0.152,27.65,0.21
359,1878,12,0.541,2.432,0.060,0.468,-0.027,0.266,-0.185,0.220,-0.293,0.154,27.65,0.21
360,1879,1,-0.381,1.352,-0.011,0.471,-0.025,0.266,-0.184,0.222,-0.296,0.154,27.65,0.21
361,1879,2,0.031,1.193,-0.153,0.478,-0.018,0.268,-0.188,0.222,-0.292,0.154,27.65,0.21
362,1879,3,-0.703,1.166,-0.210,0.467,-0.012,0.270,-0.185,0.221,-0.291,0.153,27.65,0.21
363,1879,4,0.151,1.186,-0.176,0.475,-0.016,0.275,-0.191,0.217,-0.293,0.152,27.65,0.21
364,1879,5,0.223,1.241,-0.173,0.465,-0.039,0.273,-0.197,0.216,-0.291,0.152,27.65,0.21
365,1879,6,0.527,1.635,-0.244,0.551,-0.055,0.271,-0.206,0.212,-0.295,0.153,27.65,0.21
366,1879,7,-0.561,1.428,-0.288,0.583,-0.065,0.264,-0.206,0.211,-0.300,0.153,27.65,0.21
367,1879,8,-1.607,1.193,-0.381,0.597,-0.061,0.260,-0.193,0.211,-0.304,0.154,27.65,0.21
368,1879,9,-0.629,1.161,-0.433,0.602,-0.073,0.258,-0.199,0.212,-0.314,0.155,27.65,0.21
369,1879,10,-0.072,1.396,-0.513,0.589,-0.076,0.255,-0.208,0.209,-0.322,0.155,27.65,0.21
370,1879,11,0.404,1.152,-0.590,0.612,-0.083,0.255,-0.212,0.208,-0.319,0.155,27.65,0.21
371,1879,12,-0.309,1.432,-0.717,0.578,-0.079,0.259,-0.211,0.207,-0.320,0.156,27.65,0.21
372,1880,1,-0.914,1.165,-0.705,0.646,-0.083,0.261,-0.215,0.205,-0.323,0.156,27.65,0.21
373,1880,2,-1.087,1.340,-0.642,0.778,-0.097,0.259,-0.211,0.206,-0.320,0.155,27.65,0.21
374,1880,3,-1.324,1.764,-0.653,0.852,-0.117,0.260,-0.214,0.205,-0.325,0.155,27.65,0.21
375,1880,4,-0.809,1.272,-0.634,0.994,-0.118,0.261,-0.226,0.204,-0.324,0.154,27.65,0.21
376,1880,5,-0.695,1.253,-0.734,1.092,-0.126,0.264,-0.226,0.204,-0.323,0.154,27.65,0.21
377,1880,6,-1.001,1.418,-0.756,1.181,-0.115,0.275,-0.226,0.203,-0.328,0.153,27.65,0.21
378,1880,7,-0.417,1.656,-0.562,1.213,-0.099,0.273,-0.231,0.203,-0.332,0.151,27.65,0.21
379,1880,8,-0.848,2.215,-0.495,1.221,-0.122,0.274,-0.232,0.201,-0.340,0.151,27.65,0.21
380,1880,9,-0.767,1.394,-0.328,1.130,-0.152,0.277,-0.242,0.201,-0.347,0.151,27.65,0.21
381,1880,10,0.161,2.064,-0.208,1.067,-0.175,0.285,-0.245,0.202,-0.353,0.150,27.65,0.21
382,1880,11,-0.805,1.853,-0.086,1.059,-0.206,0.289,-0.244,0.198,-0.358,0.150,27.65,0.21
383,1880,12,-0.570,1.729,0.087,0.868,-0.234,0.291,-0.240,0.198,-0.365,0.150,27.65,0.21
384,1881,1,1.418,1.497,0.122,0.828,-0.236,0.294,-0.244,0.202,-0.366,0.150,27.65,0.21
385,1881,2,-0.282,1.408,0.203,0.717,-0.254,0.300,-0.252,0.202,-0.365,0.150,27.65,0.21
386,1881,3,0.682,1.246,0.301,0.714,-0.267,0.305,-0.252,0.201,-0.362,0.151,27.65,0.21
387,1881,4,0.623,1.252,0.255,0.639,-0.267,0.310,-0.263,0.199,-0.364,0.151,27.65,0.21
388,1881,5,0.768,1.317,0.241,0.638,-0.285,0.333,-0.269,0.200,-0.363,0.150,27.65,0.21
389,1881,6,NaN,NaN,0.224,0.619,-0.305,0.343,-0.271,0.199,-0.364,0.149,27.65,0.21
390,1881,7,0.008,1.391,0.045,0.591,-0.318,0.351,-0.272,0.200,-0.363,0.148,27.65,0.21
391,1881,8,NaN,NaN,0.049,0.600,-0.334,0.356,-0.275,0.200,-0.363,0.148,27.65,0.21
392,1881,9,0.400,1.368,-0.060,0.591,-0.340,0.373,-0.281,0.200,-0.362,0.147,27.65,0.21
393,1881,10,-0.384,1.405,-0.115,0.568,-0.347,0.386,-0.289,0.200,-0.365,0.146,27.65,0.21
394,1881,11,-0.980,1.308,-0.151,0.616,-0.366,0.395,-0.301,0.199,-0.364,0.146,27.65,0.21
395,1881,12,-0.774,1.462,-0.239,0.539,-0.390,0.383,-0.306,0.200,-0.361,0.147,27.65,0.21
396,1882,1,-0.727,1.446,-0.225,0.531,-0.389,0.385,-0.311,0.197,-0.354,0.146,27.65,0.21
397,1882,2,-0.229,1.359,-0.271,0.516,-0.351,0.402,-0.315,0.197,-0.352,0.146,27.65,0.21
398,1882,3,-0.630,1.318,-0.378,0.530,-0.353,0.399,-0.317,0.201,-0.349,0.146,27.65,0.21
399,1882,4,-0.040,1.028,-0.325,0.545,-0.367,0.398,-0.317,0.203,-0.351,0.146,27.65,0.21
400,1882,5,0.335,1.261,-0.289,0.585,-0.389,0.397,-0.324,0.203,-0.353,0.145,27.65,0.21
401,1882,6,0.022,1.064,-0.263,0.602,-0.393,0.397,-0.325,0.206,-0.351,0.144,27.65,0.21
402,1882,7,0.181,1.146,-0.262,0.596,-0.399,0.392,-0.329,0.209,-0.351,0.143,27.65,0.21
403,1882,8,-0.431,1.041,-0.325,0.545,-0.388,0.386,-0.342,0.212,-0.351,0.142,27.65,0.21
404,1882,9,-0.876,1.094,-0.345,0.482,-0.383,0.368,-0.350,0.211,-0.352,0.142,27.65,0.21
405,1882,10,0.249,1.161,-0.333,0.481,-0.392,0.367,-0.352,0.212,-0.349,0.141,27.65,0.21
406,1882,11,-0.551,1.300,-0.403,0.451,-0.385,0.361,-0.354,0.214,-0.345,0.142,27.65,0.21
407,1882,12,-0.464,1.515,-0.359,0.460,-0.379,0.352,-0.341,0.215,-0.334,0.140,27.65,0.21
408,1883,1,-0.716,1.322,-0.360,0.481,-0.386,0.342,-0.333,0.215,-0.327,0.141,27.65,0.21
409,1883,2,-0.978,1.156,-0.410,0.494,-0.385,0.332,-0.345,0.214,-0.325,0.141,27.65,0.21
410,1883,3,-0.867,1.344,-0.393,0.498,-0.391,0.332,-0.354,0.217,-0.323,0.140,27.65,0.21
411,1883,4,0.097,1.083,-0.455,0.497,-0.405,0.324,-0.364,0.219,-0.324,0.140,27.65,0.21
412,1883,5,-0.503,1.088,-0.471,0.533,-0.408,0.324,-0.379,0.224,-0.322,0.139,27.65,0.21
413,1883,6,0.557,1.054,NaN,NaN,-0.393,0.324,-0.401,0.229,-0.318,0.139,27.65,0.21
414,1883,7,NaN,NaN,NaN,NaN,-0.445,0.324,-0.404,0.232,-0.314,0.137,27.65,0.21
415,1883,8,NaN,NaN,NaN,NaN,-0.461,0.314,-0.412,0.235,-0.312,0.137,27.65,0.21
416,1883,9,NaN,NaN,NaN,NaN,-0.458,0.314,-0.416,0.236,-0.308,0.137,27.65,0.21
417,1883,10,-0.496,1.159,NaN,NaN,-0.475,0.314,-0.409,0.237,-0.303,0.137,27.65,0.21
418,1883,11,-0.740,2.040,NaN,NaN,-0.496,0.312,-0.413,0.242,-0.296,0.136,27.65,0.21
419,1883,12,NaN,NaN,NaN,NaN,-0.516,0.300,-0.419,0.244,-0.299,0.135,27.65,0.21
420,1884,1,-1.198,1.319,-0.776,0.655,-0.520,0.295,-0.429,0.245,-0.297,0.136,27.65,0.21
421,1884,2,-0.943,1.171,-0.634,0.702,-0.532,0.297,-0.431,0.242,-0.302,0.136,27.65,0.21
422,1884,3,-1.045,1.494,-0.640,0.683,-0.551,0.296,-0.425,0.240,-0.300,0.135,27.65,0.21
423,1884,4,-0.274,1.316,-0.675,0.668,-0.562,0.301,-0.428,0.238,-0.305,0.135,27.65,0.21
424,1884,5,-0.911,1.177,-0.691,0.586,-0.564,0.304,-0.434,0.237,-0.305,0.135,27.65,0.21
425,1884,6,-0.896,1.322,-0.684,0.581,-0.557,0.315,-0.442,0.233,-0.307,0.134,27.65,0.21
426,1884,7,-0.495,1.507,-0.691,0.583,-0.557,0.323,-0.440,0.236,-0.305,0.134,27.65,0.21
427,1884,8,0.677,1.504,-0.651,0.569,-0.569,0.321,-0.432,0.239,-0.305,0.133,27.65,0.21
428,1884,9,-0.747,1.310,-0.645,0.523,-0.560,0.320,-0.435,0.241,-0.305,0.133,27.65,0.21
429,1884,10,-0.921,1.256,-0.739,0.502,-0.558,0.329,-0.442,0.240,-0.303,0.133,27.65,0.21
430,1884,11,-0.929,1.269,-0.683,0.493,-0.564,0.324,-0.453,0.241,-0.304,0.132,27.65,0.21
431,1884,12,-0.520,1.287,-0.664,0.499,-0.570,0.332,-0.459,0.244,-0.302,0.132,27.65,0.21
432,1885,1,-1.289,1.250,-0.693,0.486,-0.575,0.330,-0.462,0.242,-0.300,0.131,27.65,0.21
433,1885,2,-0.464,1.284,-0.812,0.483,-0.586,0.335,-0.459,0.238,-0.295,0.131,27.65,0.21
434,1885,3,-0.970,1.266,-0.846,0.489,-0.582,0.331,-0.462,0.234,-0.298,0.129,27.65,0.21
435,1885,4,-1.399,1.227,-0.827,0.499,-0.586,0.330,-0.462,0.235,-0.298,0.126,27.65,0.21
436,1885,5,-0.240,1.202,-0.830,0.509,-0.581,0.320,-0.464,0.235,-0.301,0.125,27.65,0.21
437,1885,6,-0.674,1.245,-0.760,0.505,-0.568,0.313,-0.462,0.233,-0.302,0.125,27.65,0.21
438,1885,7,-0.838,1.207,-0.792,0.494,-0.567,0.309,-0.462,0.227,-0.301,0.123,27.65,0.21
439,1885,8,-0.756,1.219,-0.858,0.478,-0.568,0.304,-0.466,0.225,-0.299,0.123,27.65,0.21
440,1885,9,-1.150,1.333,-0.708,0.468,-0.556,0.309,-0.465,0.224,-0.299,0.123,27.65,0.21
441,1885,10,-0.696,1.248,-0.622,0.457,-0.553,0.304,-0.467,0.222,-0.290,0.123,27.65,0.21
442,1885,11,-0.969,1.157,-0.644,0.455,-0.552,0.315,-0.471,0.220,-0.282,0.123,27.65,0.21
443,1885,12,0.332,1.221,-0.596,0.450,-0.568,0.312,-0.476,0.220,-0.275,0.122,27.65,0.21
444,1886,1,-1.675,1.321,-0.547,0.449,-0.572,0.303,-0.506,0.219,-0.272,0.122,27.65,0.21
445,1886,2,-1.264,1.006,-0.532,0.444,-0.570,0.307,-0.514,0.217,-0.274,0.121,27.65,0.21
446,1886,3,0.839,1.240,-0.500,0.437,-0.564,0.306,-0.519,0.217,-0.282,0.121,27.65,0.21
447,1886,4,-0.377,0.985,-0.528,0.419,-0.550,0.305,-0.520,0.217,-0.286,0.122,27.65,0.21
448,1886,5,-0.505,1.217,-0.537,0.424,-0.540,0.292,-0.526,0.219,-0.288,0.123,27.65,0.21
449,1886,6,-0.088,1.031,-0.597,0.421,-0.534,0.294,-0.536,0.212,-0.290,0.125,27.65,0.21
450,1886,7,-0.251,1.026,-0.518,0.473,-0.540,0.295,-0.533,0.213,-0.292,0.127,27.65,0.21
451,1886,8,-0.576,1.233,-0.490,0.516,-0.529,0.295,-0.535,0.213,-0.294,0.127,27.65,0.21
452,1886,9,-0.768,1.313,-0.567,0.533,-0.511,0.290,-0.539,0.213,-0.296,0.128,27.65,0.21
453,1886,10,-1.033,0.931,-0.528,0.620,-0.508,0.282,-0.537,0.216,-0.295,0.129,27.65,0.21
454,1886,11,-1.077,1.214,-0.491,0.666,-0.502,0.285,-0.534,0.216,-0.300,0.129,27.65,0.21
455,1886,12,-0.393,1.230,-0.510,0.743,-0.494,0.291,-0.524,0.220,-0.305,0.131,27.65,0.21
456,1887,1,-0.725,1.328,-0.497,0.749,-0.491,0.292,-0.517,0.220,-0.310,0.131,27.65,0.21
457,1887,2,-0.927,1.033,-0.544,0.755,-0.513,0.300,-0.518,0.216,-0.314,0.131,27.65,0.21
458,1887,3,-0.087,1.439,-0.530,0.689,-0.518,0.307,-0.509,0.212,-0.310,0.133,27.65,0.21
459,1887,4,0.095,1.484,-0.442,0.729,-0.518,0.307,-0.513,0.213,-0.305,0.134,27.65,0.21
460,1887,5,-0.069,1.038,-0.376,0.653,-0.516,0.310,-0.519,0.211,-0.306,0.132,27.65,0.21
461,1887,6,-0.309,1.219,-0.317,0.616,-0.526,0.312,-0.515,0.210,-0.304,0.133,27.65,0.21
462,1887,7,-0.099,1.008,-0.310,0.550,-0.526,0.302,-0.515,0.209,-0.308,0.136,27.65,0.21
463,1887,8,-1.133,1.183,-0.321,0.491,-0.531,0.289,-0.513,0.210,-0.309,0.138,27.65,0.21
464,1887,9,-0.600,1.032,-0.324,0.423,-0.541,0.286,-0.509,0.210,-0.311,0.142,27.65,0.21
465,1887,10,0.013,1.148,-0.310,0.403,-0.532,0.288,-0.510,0.208,-0.312,0.145,27.65,0.21
466,1887,11,-0.275,1.095,-0.341,0.421,-0.543,0.297,-0.506,0.205,-0.312,0.145,27.65,0.21
467,1887,12,0.311,0.936,-0.351,0.412,-0.545,0.294,-0.496,0.204,-0.309,0.147,27.65,0.21
468,1888,1,-0.643,1.093,-0.345,0.427,-0.537,0.281,-0.488,0.202,-0.308,0.149,27.65,0.21
469,1888,2,-1.053,1.278,-0.327,0.451,-0.548,0.275,-0.481,0.198,-0.313,0.150,27.65,0.21
470,1888,3,-0.122,1.114,-0.306,0.460,-0.538,0.272,-0.473,0.199,-0.319,0.150,27.65,0.21
471,1888,4,0.254,1.102,-0.279,0.466,-0.529,0.268,-0.477,0.197,-0.328,0.153,27.65,0.21
472,1888,5,-0.433,1.306,-0.266,0.432,-0.534,0.255,-0.469,0.196,-0.335,0.154,27.65,0.21
473,1888,6,-0.432,1.391,-0.313,0.446,-0.559,0.251,-0.465,0.193,-0.342,0.152,27.65,0.21
474,1888,7,-0.026,1.171,-0.387,0.432,-0.568,0.250,-0.460,0.191,-0.344,0.152,27.65,0.21
475,1888,8,-0.916,1.025,-0.322,0.418,-0.567,0.253,-0.450,0.189,-0.345,0.151,27.65,0.21
476,1888,9,-0.351,1.114,-0.311,0.420,-0.580,0.250,-0.436,0.188,-0.345,0.152,27.65,0.21
477,1888,10,0.344,1.352,-0.343,0.408,-0.565,0.253,-0.426,0.185,-0.341,0.150,27.65,0.21
478,1888,11,-0.119,1.023,-0.351,0.411,-0.555,0.260,-0.417,0.181,-0.345,0.146,27.65,0.21
479,1888,12,-0.261,1.265,-0.350,0.462,-0.557,0.259,-0.413,0.178,-0.348,0.143,27.65,0.21
480,1889,1,-1.531,1.035,-0.374,0.531,-0.545,0.264,-0.410,0.178,-0.348,0.140,27.65,0.21
481,1889,2,-0.277,0.924,-0.352,0.591,-0.539,0.264,-0.417,0.180,-0.350,0.136,27.65,0.21
482,1889,3,0.016,0.959,-0.410,0.639,-0.527,0.260,-0.416,0.180,-0.346,0.132,27.65,0.21
483,1889,4,-0.127,1.220,-0.513,0.587,-0.513,0.260,-0.419,0.184,-0.338,0.130,27.65,0.21
484,1889,5,-0.528,1.406,-0.573,0.557,-0.504,0.257,-0.414,0.185,-0.335,0.130,27.65,0.21
485,1889,6,-0.429,1.132,-0.641,0.572,-0.491,0.257,-0.407,0.184,-0.336,0.132,27.65,0.21
486,1889,7,-0.311,1.177,-0.622,0.481,-0.477,0.253,-0.405,0.182,-0.330,0.134,27.65,0.21
487,1889,8,-0.649,1.450,-0.661,0.440,-0.467,0.250,-0.417,0.186,-0.319,0.132,27.65,0.21
488,1889,9,-1.045,1.192,-0.796,0.458,-0.457,0.248,-0.410,0.184,-0.311,0.131,27.65,0.21
489,1889,10,-0.895,0.976,-0.857,0.467,-0.467,0.252,-0.398,0.183,-0.305,0.131,27.65,0.21
490,1889,11,-0.837,0.804,-0.889,0.488,-0.474,0.250,-0.395,0.184,-0.302,0.130,27.65,0.21
491,1889,12,-1.081,1.241,-0.919,0.492,-0.460,0.249,-0.392,0.183,-0.298,0.129,27.65,0.21
492,1890,1,-1.306,1.513,-0.924,0.424,-0.455,0.250,-0.385,0.182,-0.301,0.128,27.65,0.21
493,1890,2,-0.744,1.268,-0.985,0.397,-0.440,0.252,-0.379,0.181,-0.293,0.127,27.65,0.21
494,1890,3,-1.602,1.055,-0.945,0.387,-0.436,0.255,-0.381,0.176,-0.284,0.126,27.65,0.21
495,1890,4,-0.855,1.009,-0.884,0.380,-0.434,0.258,-0.370,0.170,-0.277,0.126,27.65,0.21
496,1890,5,-0.916,1.429,-0.921,0.445,-0.432,0.259,-0.377,0.167,-0.275,0.126,27.65,0.21
497,1890,6,-0.792,0.808,-0.927,0.485,-0.424,0.255,-0.378,0.166,-0.275,0.126,27.65,0.21
498,1890,7,-0.369,1.398,-1.001,0.441,-0.409,0.256,-0.371,0.165,-0.278,0.126,27.65,0.21
499,1890,8,-1.379,0.823,-1.040,0.439,-0.394,0.248,-0.366,0.163,-0.277,0.127,27.65,0.21
500,1890,9,-0.563,0.986,-0.902,0.442,-0.390,0.243,-0.356,0.164,-0.274,0.128,27.65,0.21
501,1890,10,-0.170,0.872,-0.786,0.429,-0.401,0.237,-0.336,0.166,-0.274,0.131,27.65,0.21
502,1890,11,-1.276,1.321,-0.705,0.527,-0.386,0.237,-0.320,0.166,-0.272,0.133,27.65,0.21
503,1890,12,-1.155,1.010,-0.654,0.550,-0.361,0.235,-0.311,0.167,-0.269,0.136,27.65,0.21
504,1891,1,-2.194,0.936,-0.585,0.495,-0.349,0.234,-0.300,0.171,-0.273,0.139,27.65,0.21
505,1891,2,-1.210,1.416,-0.487,0.506,-0.329,0.233,-0.296,0.171,-0.266,0.142,27.65,0.21
506,1891,3,0.058,0.994,-0.446,0.513,-0.308,0.228,-0.313,0.171,-0.268,0.142,27.65,0.21
507,1891,4,0.529,0.937,-0.444,0.513,-0.303,0.227,-0.308,0.174,-0.263,0.143,27.65,0.21
508,1891,5,0.056,1.141,-0.384,0.470,-0.293,0.225,-0.308,0.180,-0.264,0.144,27.65,0.21
509,1891,6,-0.176,0.824,-0.255,0.477,-0.292,0.230,-0.309,0.186,-0.268,0.141,27.65,0.21
510,1891,7,0.462,1.005,-0.065,0.529,-0.280,0.233,-0.311,0.190,-0.269,0.143,27.65,0.21
511,1891,8,-0.201,0.889,0.011,0.459,-0.305,0.240,-0.314,0.189,-0.270,0.142,27.65,0.21
512,1891,9,-0.075,0.898,0.046,0.421,-0.321,0.235,-0.310,0.188,-0.273,0.144,27.65,0.21
513,1891,10,-0.150,0.815,-0.041,0.434,-0.329,0.234,-0.300,0.190,-0.276,0.146,27.65,0.21
514,1891,11,-0.549,0.774,-0.084,0.380,-0.326,0.238,-0.298,0.190,-0.274,0.147,27.65,0.21
515,1891,12,0.392,0.833,-0.028,0.365,-0.321,0.240,-0.303,0.191,-0.272,0.149,27.65,0.21
516,1892,1,0.090,0.753,-0.048,0.334,-0.319,0.242,-0.309,0.189,-0.268,0.148,27.65,0.21
517,1892,2,-0.304,0.640,-0.051,0.318,-0.320,0.244,-0.313,0.190,-0.263,0.146,27.65,0.21
518,1892,3,0.481,0.852,-0.071,0.300,-0.301,0.247,-0.303,0.190,-0.259,0.145,27.65,0.21
519,1892,4,-0.518,0.759,-0.050,0.286,-0.278,0.248,-0.293,0.189,-0.254,0.145,27.65,0.21
520,1892,5,-0.461,0.560,-0.016,0.302,-0.274,0.256,-0.289,0.186,-0.252,0.144,27.65,0.21
521,1892,6,0.498,0.515,0.014,0.278,-0.259,0.252,-0.284,0.186,-0.248,0.145,27.65,0.21
522,1892,7,0.225,0.559,0.030,0.271,-0.245,0.241,-0.287,0.189,-0.247,0.144,27.65,0.21
523,1892,8,-0.240,0.622,0.041,0.259,-0.228,0.227,-0.277,0.190,-0.242,0.142,27.65,0.21
524,1892,9,-0.318,0.617,0.013,0.252,-0.220,0.213,-0.273,0.195,-0.237,0.141,27.65,0.21
525,1892,10,0.107,0.566,0.022,0.245,-0.208,0.207,-0.273,0.202,-0.239,0.140,27.65,0.21
526,1892,11,-0.143,0.931,0.099,0.246,-0.211,0.208,-0.270,0.203,-0.237,0.138,27.65,0.21
527,1892,12,0.750,0.780,0.146,0.254,-0.211,0.211,-0.276,0.206,-0.239,0.138,27.65,0.21
528,1893,1,0.285,0.767,0.188,0.271,-0.206,0.198,-0.284,0.212,-0.240,0.138,27.65,0.21
529,1893,2,-0.176,0.732,0.227,0.269,-0.183,0.195,-0.281,0.215,-0.235,0.138,27.65,0.21
530,1893,3,0.145,0.563,0.330,0.272,-0.173,0.188,-0.284,0.215,-0.229,0.139,27.65,0.21
531,1893,4,-0.411,0.932,0.378,0.274,-0.143,0.180,-0.292,0.220,-0.226,0.141,27.65,0.21
532,1893,5,0.470,0.735,0.428,0.260,-0.105,0.175,-0.292,0.224,-0.225,0.141,27.65,0.21
533,1893,6,1.058,0.553,0.347,0.274,-0.063,0.175,-0.282,0.219,-0.228,0.140,27.65,0.21
534,1893,7,0.729,0.752,0.257,0.294,-0.032,0.176,-0.284,0.218,-0.232,0.139,27.65,0.21
535,1893,8,0.233,0.819,0.125,0.331,-0.024,0.170,-0.277,0.215,-0.231,0.140,27.65,0.21
536,1893,9,0.914,0.538,0.031,0.328,-0.046,0.164,-0.274,0.214,-0.232,0.142,27.65,0.21
537,1893,10,0.680,0.561,0.017,0.344,-0.051,0.167,-0.273,0.206,-0.229,0.142,27.65,0.21
538,1893,11,0.455,0.627,-0.050,0.361,-0.061,0.171,-0.278,0.196,-0.229,0.143,27.65,0.21
539,1893,12,-0.220,0.869,-0.148,0.370,-0.061,0.184,-0.276,0.194,-0.230,0.143,27.65,0.21
540,1894,1,-0.795,1.095,-0.224,0.394,-0.078,0.188,-0.267,0.189,-0.232,0.144,27.65,0.21
541,1894,2,-1.755,1.129,-0.304,0.395,-0.089,0.184,-0.269,0.183,-0.233,0.148,27.65,0.21
542,1894,3,-0.984,0.977,-0.375,0.390,-0.093,0.186,-0.266,0.173,-0.234,0.150,27.65,0.21
543,1894,4,-0.583,0.841,-0.389,0.396,-0.088,0.188,-0.249,0.170,-0.234,0.154,27.65,0.21
544,1894,5,-0.338,0.680,-0.475,0.413,-0.091,0.192,-0.236,0.170,-0.231,0.154,27.65,0.21
545,1894,6,-0.110,0.728,-0.476,0.371,-0.115,0.196,-0.230,0.174,-0.228,0.151,27.65,0.21
546,1894,7,-0.188,0.669,-0.444,0.346,-0.141,0.196,-0.221,0.175,-0.227,0.149,27.65,0.21
547,1894,8,-0.722,0.787,-0.279,0.304,-0.159,0.205,-0.205,0.176,-0.231,0.149,27.65,0.21
548,1894,9,0.059,0.695,-0.290,0.305,-0.148,0.210,-0.187,0.176,-0.228,0.148,27.65,0.21
549,1894,10,0.509,0.853,-0.252,0.346,-0.119,0.204,-0.168,0.177,-0.226,0.146,27.65,0.21
550,1894,11,-0.577,0.718,-0.313,0.482,-0.103,0.200,-0.151,0.178,-0.219,0.146,27.65,0.21
551,1894,12,-0.224,1.048,-0.373,0.492,-0.108,0.204,-0.137,0.177,-0.217,0.146,27.65,0.21
552,1895,1,-0.419,0.701,-0.359,0.492,-0.119,0.210,-0.139,0.172,-0.216,0.145,27.65,0.21
553,1895,2,0.232,0.730,-0.303,0.504,-0.113,0.207,-0.126,0.168,-0.220,0.146,27.65,0.21
554,1895,3,-1.122,1.592,-0.305,0.507,-0.110,0.215,-0.106,0.168,-0.217,0.148,27.65,0.21
555,1895,4,-0.128,1.700,-0.209,0.515,-0.111,0.226,-0.092,0.170,-0.208,0.147,27.65,0.21
556,1895,5,-1.066,1.946,-0.077,0.537,-0.108,0.235,-0.087,0.174,-0.207,0.147,27.65,0.21
557,1895,6,-0.825,0.715,0.057,0.503,-0.127,0.243,-0.087,0.173,-0.205,0.148,27.65,0.21
558,1895,7,-0.024,0.555,0.064,0.493,-0.159,0.256,-0.094,0.167,-0.202,0.148,27.65,0.21
559,1895,8,-0.045,0.821,-0.020,0.465,-0.167,0.266,-0.088,0.165,-0.200,0.147,27.65,0.21
560,1895,9,0.029,0.711,-0.029,0.384,-0.178,0.265,-0.084,0.161,-0.197,0.149,27.65,0.21
561,1895,10,1.665,0.961,-0.001,0.363,-0.184,0.281,-0.081,0.159,-0.194,0.152,27.65,0.21
562,1895,11,1.001,0.831,0.045,0.367,-0.198,0.297,-0.073,0.161,-0.193,0.153,27.65,0.21
563,1895,12,1.385,0.764,0.096,0.434,-0.203,0.288,-0.062,0.165,-0.194,0.154,27.65,0.21
564,1896,1,-0.337,0.948,0.053,0.494,-0.219,0.289,-0.040,0.171,-0.191,0.153,27.65,0.21
565,1896,2,-0.776,0.615,-0.017,0.511,-0.226,0.290,-0.017,0.172,-0.192,0.153,27.65,0.21
566,1896,3,-1.223,0.730,-0.042,0.531,-0.239,0.292,-0.017,0.167,-0.194,0.153,27.65,0.21
567,1896,4,0.208,1.256,-0.171,0.539,-0.244,0.282,-0.005,0.167,-0.188,0.156,27.65,0.21
568,1896,5,-0.523,0.826,-0.316,0.545,-0.262,0.265,-0.003,0.166,-0.185,0.160,27.65,0.21
569,1896,6,-0.204,1.406,-0.518,0.572,-0.260,0.263,0.001,0.169,-0.185,0.162,27.65,0.21
570,1896,7,-0.545,1.056,-0.614,0.552,-0.254,0.254,-0.006,0.168,-0.184,0.165,27.65,0.21
571,1896,8,-0.883,0.724,-0.660,0.611,-0.232,0.243,-0.005,0.166,-0.187,0.163,27.65,0.21
572,1896,9,-0.267,1.026,-0.464,0.642,-0.212,0.220,-0.007,0.166,-0.184,0.164,27.65,0.21
573,1896,10,0.110,0.916,-0.382,0.571,-0.168,0.210,-0.016,0.165,-0.179,0.165,27.65,0.21
574,1896,11,-0.736,0.673,-0.298,0.488,-0.146,0.208,-0.015,0.166,-0.175,0.167,27.65,0.21
575,1896,12,-1.035,0.761,-0.261,0.418,-0.140,0.217,-0.020,0.167,-0.177,0.173,27.65,0.21
576,1897,1,-1.491,0.719,-0.253,0.442,-0.122,0.224,-0.019,0.167,-0.183,0.174,27.65,0.21
577,1897,2,-1.329,0.895,-0.169,0.469,-0.091,0.220,-0.007,0.167,-0.189,0.175,27.65,0.21
578,1897,3,1.125,1.066,-0.161,0.482,-0.073,0.223,-0.010,0.162,-0.193,0.177,27.65,0.21
579,1897,4,1.189,0.685,-0.165,0.511,-0.057,0.229,0.004,0.159,-0.193,0.179,27.65,0.21
580,1897,5,0.494,0.704,-0.100,0.525,-0.029,0.225,0.016,0.160,-0.192,0.181,27.65,0.21
581,1897,6,0.237,0.676,-0.046,0.547,-0.015,0.211,0.020,0.162,-0.193,0.183,27.65,0.21
582,1897,7,-0.449,1.430,-0.058,0.629,-0.033,0.204,0.020,0.159,-0.192,0.184,27.65,0.21
583,1897,8,0.121,1.100,-0.004,0.636,-0.023,0.203,0.029,0.154,-0.190,0.182,27.65,0.21
584,1897,9,-0.165,1.201,-0.138,0.583,0.008,0.194,0.034,0.151,-0.189,0.183,27.65,0.21
585,1897,10,0.054,1.251,-0.301,0.630,0.024,0.191,0.031,0.148,-0.192,0.184,27.65,0.21
586,1897,11,0.046,1.231,-0.371,0.705,0.037,0.190,0.032,0.147,-0.196,0.182,27.65,0.21
587,1897,12,-0.390,0.880,-0.331,0.608,0.037,0.184,0.019,0.148,-0.198,0.182,27.65,0.21
588,1898,1,-1.634,1.021,-0.312,0.539,0.018,0.183,0.009,0.148,-0.199,0.181,27.65,0.21
589,1898,2,-0.676,0.803,-0.335,0.514,0.008,0.185,0.012,0.149,-0.199,0.180,27.65,0.21
590,1898,3,-0.484,0.645,-0.315,0.493,0.005,0.183,0.016,0.154,-0.199,0.180,27.65,0.21
591,1898,4,-0.766,1.126,-0.284,0.438,-0.020,0.182,0.025,0.157,-0.198,0.182,27.65,0.21
592,1898,5,-0.346,1.439,-0.342,0.388,-0.041,0.186,0.019,0.160,-0.193,0.182,27.65,0.21
593,1898,6,0.719,1.121,-0.318,0.408,-0.061,0.191,0.008,0.161,-0.190,0.184,27.65,0.21
594,1898,7,-0.217,0.788,-0.216,0.486,-0.049,0.198,-0.003,0.167,-0.190,0.184,27.65,0.21
595,1898,8,-0.164,0.689,-0.198,0.584,-0.010,0.207,-0.012,0.171,-0.189,0.182,27.65,0.21
596,1898,9,0.083,0.596,-0.136,0.702,0.011,0.203,-0.027,0.178,-0.187,0.180,27.65,0.21
597,1898,10,0.419,1.082,0.097,0.809,0.040,0.201,-0.032,0.179,-0.189,0.178,27.65,0.21
598,1898,11,-0.645,1.900,0.209,0.812,0.055,0.199,-0.041,0.181,-0.188,0.176,27.65,0.21
599,1898,12,-0.104,0.626,0.170,0.686,0.063,0.198,-0.047,0.182,-0.187,0.177,27.65,0.21
600,1899,1,-0.410,1.322,0.258,0.642,0.066,0.198,-0.054,0.184,-0.186,0.177,27.65,0.21
601,1899,2,-0.464,1.297,0.370,0.705,0.080,0.200,-0.050,0.194,-0.183,0.178,27.65,0.21
602,1899,3,0.257,1.861,0.455,0.737,0.079,0.203,-0.052,0.189,-0.177,0.177,27.65,0.21
603,1899,4,2.031,1.093,0.542,0.645,0.057,0.206,-0.049,0.191,-0.173,0.176,27.65,0.21
604,1899,5,1.001,1.008,0.692,0.576,0.062,0.205,-0.047,0.187,-0.169,0.176,27.65,0.21
605,1899,6,0.247,1.042,0.752,0.555,0.075,0.204,-0.048,0.183,-0.169,0.177,27.65,0.21
606,1899,7,0.844,0.566,0.660,0.479,0.103,0.200,-0.050,0.182,-0.170,0.176,27.65,0.21
607,1899,8,1.176,1.265,0.766,0.414,0.144,0.198,-0.045,0.176,-0.171,0.177,27.65,0.21
608,1899,9,1.108,0.775,0.805,0.360,0.128,0.198,-0.047,0.177,-0.170,0.178,27.65,0.21
609,1899,10,1.466,0.590,0.709,0.302,0.128,0.202,-0.053,0.174,-0.167,0.177,27.65,0.21
610,1899,11,1.154,0.985,0.600,0.307,0.135,0.203,-0.044,0.174,-0.161,0.178,27.65,0.21
611,1899,12,0.610,1.025,0.508,0.335,0.147,0.207,-0.042,0.168,-0.157,0.181,27.65,0.21
612,1900,1,-1.510,0.648,0.345,0.346,0.159,0.216,-0.047,0.168,-0.157,0.181,27.65,0.21
613,1900,2,0.805,0.662,0.192,0.305,0.171,0.220,-0.061,0.172,-0.153,0.177,27.65,0.21
614,1900,3,0.727,0.874,0.087,0.285,0.179,0.224,-0.053,0.171,-0.147,0.176,27.65,0.21
615,1900,4,0.874,0.642,-0.020,0.311,0.174,0.226,-0.045,0.168,-0.140,0.180,27.65,0.21
616,1900,5,-0.304,0.570,-0.140,0.290,0.172,0.214,-0.038,0.166,-0.138,0.180,27.65,0.21
617,1900,6,-0.851,0.875,-0.175,0.268,0.164,0.216,-0.031,0.167,-0.135,0.180,27.65,0.21
618,1900,7,-1.116,0.578,-0.016,0.279,0.177,0.220,-0.033,0.167,-0.136,0.180,27.65,0.21
619,1900,8,-0.662,0.759,0.045,0.311,0.191,0.225,-0.035,0.167,-0.132,0.179,27.65,0.21
620,1900,9,-0.151,0.740,-0.011,0.294,0.209,0.230,-0.038,0.170,-0.126,0.177,27.65,0.21
621,1900,10,0.184,0.671,0.079,0.322,0.233,0.240,-0.052,0.176,-0.125,0.174,27.65,0.21
622,1900,11,-0.290,0.816,0.136,0.340,0.235,0.238,-0.066,0.180,-0.116,0.174,27.65,0.21
623,1900,12,0.189,0.849,0.229,0.356,0.219,0.230,-0.077,0.184,-0.111,0.176,27.65,0.21
624,1901,1,0.400,1.011,0.290,0.376,0.212,0.223,-0.083,0.182,-0.111,0.178,27.65,0.21
625,1901,2,1.542,0.926,0.342,0.380,0.201,0.218,-0.089,0.186,-0.110,0.176,27.65,0.21
626,1901,3,0.053,0.605,0.326,0.375,0.185,0.224,-0.076,0.182,-0.112,0.175,27.65,0.21
627,1901,4,1.949,0.762,0.212,0.362,0.180,0.212,-0.068,0.184,-0.110,0.175,27.65,0.21
628,1901,5,0.384,0.617,0.199,0.347,0.181,0.200,-0.062,0.188,-0.112,0.175,27.65,0.21
629,1901,6,0.265,0.696,0.163,0.352,0.166,0.196,-0.061,0.188,-0.113,0.177,27.65,0.21
630,1901,7,-0.379,0.607,0.147,0.339,0.145,0.190,-0.057,0.192,-0.119,0.177,27.65,0.21
631,1901,8,-0.046,0.582,0.111,0.298,0.133,0.210,-0.061,0.192,-0.123,0.174,27.65,0.21
632,1901,9,-0.338,0.798,0.119,0.299,0.107,0.205,-0.058,0.199,-0.122,0.174,27.65,0.21
633,1901,10,-1.188,0.592,0.057,0.308,0.070,0.211,-0.057,0.202,-0.120,0.171,27.65,0.21
634,1901,11,-0.441,1.023,0.100,0.312,0.051,0.203,-0.053,0.203,-0.121,0.173,27.65,0.21
635,1901,12,-0.246,0.895,0.159,0.308,0.044,0.188,-0.052,0.212,-0.122,0.173,27.65,0.21
636,1902,1,0.208,0.652,0.215,0.312,0.023,0.182,-0.056,0.217,-0.125,0.173,27.65,0.21
637,1902,2,1.114,0.597,0.286,0.329,0.001,0.170,-0.066,0.220,-0.117,0.170,27.65,0.21
638,1902,3,0.144,0.990,0.342,0.344,-0.020,0.166,-0.084,0.226,-0.117,0.167,27.65,0.21
639,1902,4,1.211,0.671,0.418,0.342,-0.050,0.156,-0.093,0.232,-0.111,0.165,27.65,0.21
640,1902,5,0.893,0.744,0.450,0.353,-0.060,0.154,-0.094,0.235,-0.104,0.163,27.65,0.21
641,1902,6,0.974,0.606,0.401,0.323,-0.070,0.157,-0.101,0.241,-0.105,0.160,27.65,0.21
642,1902,7,0.301,0.717,0.309,0.302,-0.061,0.163,-0.098,0.244,-0.108,0.160,27.65,0.21
643,1902,8,0.800,0.882,0.231,0.293,-0.099,0.171,-0.104,0.246,-0.109,0.160,27.65,0.21
644,1902,9,0.338,0.877,0.271,0.220,-0.114,0.179,-0.106,0.252,-0.110,0.160,27.65,0.21
645,1902,10,-0.277,0.591,0.224,0.238,-0.115,0.175,-0.111,0.257,-0.115,0.158,27.65,0.21
646,1902,11,-0.057,0.765,0.131,0.235,-0.113,0.173,-0.122,0.246,-0.116,0.157,27.65,0.21
647,1902,12,-0.838,0.788,0.029,0.247,-0.099,0.184,-0.121,0.244,-0.123,0.156,27.65,0.21
648,1903,1,-0.893,0.595,-0.047,0.279,-0.084,0.187,-0.113,0.241,-0.126,0.157,27.65,0.21
649,1903,2,0.177,0.809,-0.185,0.331,-0.079,0.190,-0.116,0.240,-0.124,0.157,27.65,0.21
650,1903,3,0.621,1.692,-0.286,0.469,-0.081,0.199,-0.114,0.236,-0.125,0.157,27.65,0.21
651,1903,4,0.644,0.792,-0.252,0.478,-0.084,0.212,-0.103,0.238,-0.121,0.156,27.65,0.21
652,1903,5,-0.215,0.568,-0.297,0.546,-0.091,0.214,-0.094,0.228,-0.126,0.156,27.65,0.21
653,1903,6,-0.253,0.581,-0.308,0.545,-0.092,0.214,-0.097,0.227,-0.130,0.155,27.65,0.21
654,1903,7,-0.616,0.938,-0.376,0.563,-0.117,0.205,-0.095,0.224,-0.134,0.155,27.65,0.21
655,1903,8,-0.848,0.809,-0.489,0.679,-0.168,0.213,-0.101,0.221,-0.134,0.158,27.65,0.21
656,1903,9,-0.876,1.450,-0.649,0.547,-0.163,0.217,-0.100,0.222,-0.139,0.159,27.65,0.21
657,1903,10,0.126,0.506,-0.719,0.581,-0.176,0.220,-0.104,0.218,-0.143,0.161,27.65,0.21
658,1903,11,-0.590,0.632,-0.710,0.537,-0.180,0.227,-0.099,0.212,-0.143,0.161,27.65,0.21
659,1903,12,-0.975,0.740,-0.703,0.502,-0.184,0.238,-0.098,0.210,-0.139,0.162,27.65,0.21
660,1904,1,-1.702,0.660,-0.688,0.442,-0.179,0.244,-0.105,0.210,-0.135,0.163,27.65,0.21
661,1904,2,-1.186,2.072,-0.631,0.386,-0.201,0.248,-0.098,0.210,-0.134,0.165,27.65,0.21
662,1904,3,-1.303,0.550,-0.569,0.341,-0.194,0.260,-0.088,0.210,-0.129,0.166,27.65,0.21
663,1904,4,-0.186,1.054,-0.605,0.321,-0.170,0.267,-0.098,0.209,-0.123,0.162,27.65,0.21
664,1904,5,-0.108,1.101,-0.510,0.311,-0.167,0.279,-0.101,0.210,-0.114,0.159,27.65,0.21
665,1904,6,-0.168,0.941,-0.431,0.309,-0.179,0.304,-0.108,0.211,-0.110,0.156,27.65,0.21
666,1904,7,-0.444,0.699,-0.370,0.310,-0.216,0.310,-0.119,0.209,-0.107,0.156,27.65,0.21
667,1904,8,-0.159,1.239,-0.395,0.333,-0.275,0.323,-0.137,0.205,-0.104,0.158,27.65,0.21
668,1904,9,-0.135,0.625,-0.297,0.314,-0.295,0.349,-0.152,0.208,-0.104,0.162,27.65,0.21
669,1904,10,-0.310,0.780,-0.213,0.336,-0.314,0.363,-0.167,0.206,-0.104,0.162,27.65,0.21
670,1904,11,0.557,0.450,-0.220,0.312,-0.324,0.367,-0.171,0.202,-0.099,0.161,27.65,0.21
671,1904,12,-0.029,0.526,-0.207,0.312,-0.350,0.378,-0.177,0.208,-0.100,0.161,27.65,0.21
672,1905,1,-0.975,0.696,-0.189,0.288,-0.355,0.380,-0.174,0.213,-0.099,0.161,27.65,0.21
673,1905,2,-1.476,1.285,-0.205,0.311,-0.378,0.387,-0.181,0.211,-0.103,0.160,27.65,0.21
674,1905,3,-0.137,1.097,-0.217,0.376,-0.391,0.403,-0.187,0.207,-0.096,0.153,27.65,0.21
675,1905,4,0.823,0.922,-0.190,0.471,-0.396,0.412,-0.189,0.214,-0.094,0.154,27.65,0.21
676,1905,5,-0.188,0.786,-0.298,0.496,-0.415,0.410,-0.188,0.210,-0.086,0.151,27.65,0.21
677,1905,6,-0.011,0.820,-0.286,0.567,-0.406,0.403,-0.182,0.210,-0.082,0.151,27.65,0.21
678,1905,7,-0.232,0.577,-0.294,0.574,-0.404,0.397,-0.178,0.217,-0.082,0.154,27.65,0.21
679,1905,8,-0.353,0.685,-0.300,0.538,-0.423,0.389,-0.176,0.219,-0.081,0.152,27.65,0.21
680,1905,9,-0.278,1.193,-0.257,0.482,-0.438,0.360,-0.168,0.219,-0.084,0.155,27.65,0.21
681,1905,10,0.021,1.491,-0.228,0.507,-0.439,0.356,-0.169,0.215,-0.093,0.156,27.65,0.21
682,1905,11,-0.745,0.717,-0.200,0.567,-0.423,0.350,-0.160,0.218,-0.097,0.156,27.65,0.21
683,1905,12,0.119,0.906,-0.200,0.589,-0.413,0.351,-0.161,0.217,-0.104,0.162,27.65,0.21
684,1906,1,-1.075,1.113,-0.185,0.618,-0.403,0.344,-0.182,0.215,-0.109,0.166,27.65,0.21
685,1906,2,-1.539,0.882,-0.271,0.634,-0.402,0.338,-0.202,0.213,-0.108,0.169,27.65,0.21
686,1906,3,0.378,0.717,-0.242,0.632,-0.385,0.320,-0.207,0.215,-0.105,0.167,27.65,0.21
687,1906,4,1.168,1.311,-0.222,0.566,-0.388,0.318,-0.215,0.217,-0.104,0.163,27.65,0.21
688,1906,5,0.142,1.391,-0.181,0.579,-0.378,0.309,-0.222,0.216,-0.104,0.161,27.65,0.21
689,1906,6,-0.002,1.153,-0.270,0.650,-0.361,0.307,-0.228,0.220,-0.104,0.159,27.65,0.21
690,1906,7,-0.051,1.056,-0.348,0.699,-0.355,0.302,-0.233,0.219,-0.102,0.160,27.65,0.21
691,1906,8,-1.391,1.111,-0.423,0.730,-0.329,0.268,-0.240,0.215,-0.101,0.164,27.65,0.21
692,1906,9,0.071,1.120,-0.542,0.822,-0.282,0.268,-0.237,0.217,-0.101,0.172,27.65,0.21
693,1906,10,0.256,0.829,-0.633,0.826,-0.266,0.256,-0.224,0.214,-0.103,0.173,27.65,0.21
694,1906,11,-0.251,0.914,-0.619,0.797,-0.254,0.267,-0.227,0.218,-0.103,0.173,27.65,0.21
695,1906,12,-0.945,1.971,-0.669,0.791,-0.261,0.286,-0.223,0.224,-0.095,0.174,27.65,0.21
696,1907,1,-2.012,0.883,-0.664,0.730,-0.262,0.292,-0.230,0.225,-0.088,0.176,27.65,0.21
697,1907,2,-2.438,1.354,-0.598,0.712,-0.276,0.298,-0.228,0.219,-0.086,0.176,27.65,0.21
698,1907,3,-1.048,1.051,-0.640,0.663,-0.284,0.304,-0.223,0.223,-0.091,0.175,27.65,0.21
699,1907,4,0.072,1.119,-0.710,0.664,-0.285,0.313,-0.227,0.222,-0.095,0.174,27.65,0.21
700,1907,5,0.312,1.270,-0.790,0.593,-0.283,0.310,-0.224,0.218,-0.099,0.172,27.65,0.21
701,1907,6,-0.604,0.952,-0.733,0.442,-0.285,0.323,-0.229,0.212,-0.103,0.168,27.65,0.21
702,1907,7,0.013,0.694,-0.630,0.369,-0.288,0.329,-0.237,0.215,-0.103,0.166,27.65,0.21
703,1907,8,-0.598,0.439,-0.510,0.308,-0.263,0.309,-0.247,0.218,-0.105,0.169,27.65,0.21
704,1907,9,-0.431,0.559,-0.443,0.245,-0.261,0.287,-0.254,0.225,-0.107,0.173,27.65,0.21
705,1907,10,-0.589,0.875,-0.400,0.236,-0.263,0.305,-0.261,0.224,-0.111,0.173,27.65,0.21
706,1907,11,-1.215,0.957,-0.368,0.203,-0.264,0.302,-0.264,0.228,-0.116,0.172,27.65,0.21
707,1907,12,-0.263,0.875,-0.286,0.207,-0.266,0.285,-0.265,0.222,-0.115,0.167,27.65,0.21
708,1908,1,-0.767,0.953,-0.289,0.181,-0.271,0.293,-0.261,0.222,-0.110,0.168,27.65,0.21
709,1908,2,-0.996,0.870,-0.307,0.203,-0.273,0.295,-0.260,0.220,-0.110,0.174,27.65,0.21
710,1908,3,-0.245,0.600,-0.255,0.208,-0.256,0.282,-0.266,0.210,-0.111,0.175,27.65,0.21
711,1908,4,0.579,1.411,-0.211,0.270,-0.254,0.255,-0.267,0.207,-0.109,0.174,27.65,0.21
712,1908,5,0.698,0.947,-0.112,0.297,-0.228,0.258,-0.271,0.206,-0.108,0.171,27.65,0.21
713,1908,6,0.387,0.605,-0.087,0.331,-0.229,0.254,-0.268,0.204,-0.112,0.172,27.65,0.21
714,1908,7,-0.032,0.438,-0.133,0.270,-0.247,0.258,-0.264,0.200,-0.111,0.172,27.65,0.21
715,1908,8,-0.811,0.846,-0.018,0.245,-0.236,0.248,-0.256,0.200,-0.114,0.174,27.65,0.21
716,1908,9,0.198,0.538,0.128,0.264,-0.251,0.257,-0.251,0.193,-0.115,0.175,27.65,0.21
717,1908,10,-0.065,0.654,0.144,0.240,-0.254,0.250,-0.253,0.196,-0.120,0.173,27.65,0.21
718,1908,11,-0.022,0.896,0.137,0.235,-0.264,0.235,-0.246,0.194,-0.121,0.172,27.65,0.21
719,1908,12,0.035,0.920,0.056,0.243,-0.271,0.236,-0.231,0.192,-0.125,0.173,27.65,0.21
720,1909,1,-1.319,0.716,0.019,0.231,-0.286,0.221,-0.217,0.189,-0.125,0.172,27.65,0.21
721,1909,2,0.375,1.203,0.003,0.238,-0.279,0.212,-0.219,0.179,-0.121,0.174,27.65,0.21
722,1909,3,1.512,1.339,-0.066,0.212,-0.280,0.202,-0.205,0.185,-0.120,0.177,27.65,0.21
723,1909,4,0.776,0.787,-0.092,0.249,-0.277,0.186,-0.196,0.175,-0.126,0.175,27.65,0.21
724,1909,5,0.613,1.235,-0.035,0.330,-0.286,0.185,-0.180,0.175,-0.132,0.173,27.65,0.21
725,1909,6,-0.582,0.630,-0.047,0.366,-0.267,0.164,-0.173,0.174,-0.132,0.170,27.65,0.21
726,1909,7,-0.483,0.820,-0.034,0.366,-0.245,0.159,-0.165,0.173,-0.137,0.167,27.65,0.21
727,1909,8,-0.996,0.857,-0.065,0.324,-0.180,0.139,-0.164,0.183,-0.143,0.163,27.65,0.21
728,1909,9,-0.639,0.757,-0.193,0.296,-0.152,0.126,-0.161,0.189,-0.150,0.162,27.65,0.21
729,1909,10,-0.373,0.718,-0.197,0.348,-0.140,0.118,-0.155,0.193,-0.154,0.162,27.65,0.21
730,1909,11,0.665,0.887,-0.269,0.324,-0.124,0.115,-0.155,0.193,-0.158,0.160,27.65,0.21
731,1909,12,-0.116,1.054,-0.234,0.312,-0.109,0.113,-0.157,0.200,-0.164,0.162,27.65,0.21
732,1910,1,-1.157,1.119,-0.238,0.358,-0.119,0.115,-0.152,0.201,-0.162,0.163,27.65,0.21
733,1910,2,0.000,0.484,-0.191,0.406,-0.116,0.119,-0.144,0.190,-0.172,0.162,27.65,0.21
734,1910,3,-0.020,0.698,-0.076,0.359,-0.118,0.118,-0.138,0.172,-0.178,0.163,27.65,0.21
735,1910,4,0.730,1.121,-0.036,0.360,-0.126,0.122,-0.142,0.174,-0.175,0.162,27.65,0.21
736,1910,5,-0.258,1.531,-0.024,0.404,-0.113,0.121,-0.135,0.170,-0.175,0.163,27.65,0.21
737,1910,6,-0.158,0.689,-0.009,0.372,-0.125,0.122,-0.133,0.168,-0.172,0.165,27.65,0.21
738,1910,7,-0.536,1.146,-0.089,0.298,-0.119,0.120,-0.131,0.170,-0.169,0.165,27.65,0.21
739,1910,8,-0.431,0.399,-0.163,0.291,-0.097,0.119,-0.126,0.167,-0.168,0.164,27.65,0.21
740,1910,9,0.737,1.234,-0.206,0.318,-0.094,0.119,-0.131,0.167,-0.167,0.162,27.65,0.21
741,1910,10,0.115,0.852,-0.186,0.258,-0.095,0.128,-0.135,0.161,-0.168,0.158,27.65,0.21
742,1910,11,0.799,1.436,-0.203,0.246,-0.118,0.130,-0.128,0.158,-0.170,0.156,27.65,0.21
743,1910,12,0.074,0.758,-0.225,0.295,-0.123,0.146,-0.131,0.166,-0.172,0.154,27.65,0.21
744,1911,1,-2.122,1.249,-0.259,0.253,-0.125,0.144,-0.134,0.173,-0.177,0.156,27.65,0.21
745,1911,2,-0.890,0.782,-0.305,0.222,-0.109,0.134,-0.127,0.173,-0.186,0.154,27.65,0.21
746,1911,3,-0.527,0.943,-0.365,0.212,-0.118,0.136,-0.133,0.173,-0.189,0.155,27.65,0.21
747,1911,4,0.970,0.649,-0.338,0.213,-0.119,0.136,-0.141,0.167,-0.194,0.155,27.65,0.21
748,1911,5,-0.466,0.826,-0.471,0.233,-0.114,0.129,-0.145,0.163,-0.198,0.155,27.65,0.21
749,1911,6,-0.427,0.681,-0.460,0.258,-0.100,0.126,-0.147,0.157,-0.200,0.155,27.65,0.21
750,1911,7,-0.938,0.548,-0.340,0.309,-0.078,0.133,-0.148,0.158,-0.201,0.153,27.65,0.21
751,1911,8,-0.983,0.942,-0.144,0.318,-0.109,0.147,-0.140,0.163,-0.203,0.151,27.65,0.21
752,1911,9,0.019,0.645,-0.045,0.406,-0.128,0.162,-0.144,0.172,-0.202,0.150,27.65,0.21
753,1911,10,0.436,0.858,-0.063,0.371,-0.126,0.166,-0.150,0.174,-0.197,0.149,27.65,0.21
754,1911,11,-0.791,0.992,0.083,0.377,-0.107,0.173,-0.153,0.173,-0.196,0.149,27.65,0.21
755,1911,12,0.195,1.383,0.145,0.456,-0.085,0.174,-0.138,0.171,-0.196,0.150,27.65,0.21
756,1912,1,-0.671,0.984,0.173,0.442,-0.069,0.170,-0.120,0.171,-0.201,0.150,27.65,0.21
757,1912,2,1.457,1.282,0.219,0.418,-0.052,0.165,-0.106,0.172,-0.206,0.151,27.65,0.21
758,1912,3,0.662,0.845,0.174,0.419,-0.039,0.162,-0.098,0.168,-0.206,0.154,27.65,0.21
759,1912,4,0.750,0.923,0.044,0.428,-0.025,0.169,-0.097,0.164,-0.207,0.155,27.65,0.21
760,1912,5,1.295,0.927,0.077,0.414,-0.027,0.181,-0.104,0.162,-0.210,0.154,27.65,0.21
761,1912,6,0.306,1.325,-0.020,0.432,-0.029,0.174,-0.105,0.159,-0.215,0.152,27.65,0.21
762,1912,7,-0.592,0.673,0.002,0.429,-0.016,0.181,-0.108,0.158,-0.216,0.152,27.65,0.21
763,1912,8,-0.441,0.640,-0.094,0.377,-0.025,0.183,-0.107,0.159,-0.220,0.154,27.65,0.21
764,1912,9,-0.519,0.770,-0.154,0.349,-0.015,0.182,-0.108,0.165,-0.225,0.156,27.65,0.21
765,1912,10,-1.118,0.591,-0.176,0.391,-0.022,0.187,-0.112,0.165,-0.224,0.155,27.65,0.21
766,1912,11,-0.396,0.689,-0.337,0.426,-0.006,0.190,-0.110,0.174,-0.223,0.159,27.65,0.21
767,1912,12,-0.971,0.936,-0.357,0.476,0.001,0.194,-0.109,0.169,-0.221,0.158,27.65,0.21
768,1913,1,-0.407,0.737,-0.320,0.497,0.010,0.197,-0.107,0.173,-0.221,0.158,27.65,0.21
769,1913,2,0.306,0.625,-0.270,0.448,0.021,0.202,-0.105,0.187,-0.221,0.157,27.65,0.21
770,1913,3,-0.062,0.479,-0.254,0.476,-0.006,0.193,-0.107,0.191,-0.223,0.152,27.65,0.21
771,1913,4,0.489,1.013,-0.172,0.486,-0.016,0.196,-0.115,0.193,-0.222,0.152,27.65,0.21
772,1913,5,-0.638,0.798,-0.116,0.440,-0.028,0.198,-0.122,0.191,-0.221,0.152,27.65,0.21
773,1913,6,0.060,1.660,0.035,0.415,-0.033,0.207,-0.127,0.191,-0.221,0.154,27.65,0.21
774,1913,7,-0.147,0.590,0.071,0.409,-0.022,0.217,-0.126,0.193,-0.220,0.151,27.65,0.21
775,1913,8,0.168,0.890,-0.079,0.402,-0.018,0.229,-0.127,0.198,-0.217,0.151,27.65,0.21
776,1913,9,-0.334,0.765,-0.043,0.405,-0.016,0.236,-0.131,0.196,-0.213,0.147,27.65,0.21
777,1913,10,-0.131,0.735,-0.010,0.335,-0.027,0.239,-0.136,0.192,-0.209,0.148,27.65,0.21
778,1913,11,0.272,0.763,0.191,0.288,-0.025,0.242,-0.144,0.189,-0.208,0.148,27.65,0.21
779,1913,12,0.845,0.669,0.247,0.343,-0.022,0.246,-0.152,0.189,-0.200,0.150,27.65,0.21
780,1914,1,0.017,1.056,0.300,0.351,-0.010,0.249,-0.146,0.189,-0.192,0.151,27.65,0.21
781,1914,2,-1.484,1.438,0.287,0.320,-0.001,0.255,-0.143,0.194,-0.189,0.143,27.65,0.21
782,1914,3,0.363,0.731,0.328,0.363,-0.007,0.277,-0.152,0.203,-0.180,0.143,27.65,0.21
783,1914,4,0.886,0.836,0.375,0.386,-0.023,0.282,-0.153,0.201,-0.177,0.141,27.65,0.21
784,1914,5,1.774,1.011,0.401,0.371,-0.020,0.281,-0.163,0.200,-0.170,0.147,27.65,0.21
785,1914,6,0.734,1.604,0.310,0.437,-0.008,0.287,-0.156,0.195,-0.169,0.150,27.65,0.21
786,1914,7,0.483,0.584,0.275,0.413,0.005,0.286,-0.155,0.191,-0.166,0.150,27.65,0.21
787,1914,8,0.017,1.712,0.355,0.358,-0.032,0.310,-0.149,0.185,-0.167,0.154,27.65,0.21
788,1914,9,0.158,1.251,0.373,0.415,-0.045,0.312,-0.147,0.183,-0.166,0.155,27.65,0.21
789,1914,10,0.429,0.522,0.324,0.382,-0.054,0.312,-0.141,0.188,-0.166,0.157,27.65,0.21
790,1914,11,0.591,0.541,0.236,0.385,-0.083,0.315,-0.144,0.190,-0.171,0.155,27.65,0.21
791,1914,12,-0.247,1.284,0.196,0.324,-0.102,0.309,-0.150,0.189,-0.173,0.156,27.65,0.21
792,1915,1,-0.402,0.683,0.156,0.289,-0.097,0.304,-0.149,0.193,-0.174,0.155,27.65,0.21
793,1915,2,-0.525,0.832,0.171,0.250,-0.098,0.306,-0.162,0.194,-0.170,0.151,27.65,0.21
794,1915,3,0.572,2.297,0.086,0.223,-0.099,0.314,-0.168,0.197,-0.171,0.149,27.65,0.21
795,1915,4,0.304,0.670,0.011,0.202,-0.097,0.310,-0.162,0.198,-0.172,0.149,27.65,0.21
796,1915,5,0.719,1.211,-0.032,0.209,-0.107,0.312,-0.161,0.199,-0.170,0.151,27.65,0.21
797,1915,6,0.254,0.714,-0.032,0.292,-0.094,0.292,-0.162,0.201,-0.170,0.150,27.65,0.21
798,1915,7,0.006,0.997,-0.117,0.351,-0.095,0.293,-0.160,0.198,-0.170,0.151,27.65,0.21
799,1915,8,0.197,0.815,-0.129,0.423,-0.113,0.318,-0.160,0.197,-0.171,0.153,27.65,0.21
800,1915,9,-0.870,1.380,-0.209,0.605,-0.121,0.323,-0.165,0.198,-0.170,0.150,27.65,0.21
801,1915,10,-0.464,1.044,-0.209,0.584,-0.134,0.328,-0.167,0.195,-0.174,0.147,27.65,0.21
802,1915,11,0.068,0.624,-0.300,0.666,-0.126,0.321,-0.181,0.198,-0.172,0.146,27.65,0.21
803,1915,12,-0.248,2.039,-0.340,0.649,-0.131,0.320,-0.184,0.203,-0.163,0.146,27.65,0.21
804,1916,1,-1.419,1.494,-0.359,0.638,-0.127,0.325,-0.173,0.207,-0.152,0.149,27.65,0.21
805,1916,2,-0.668,1.410,-0.415,0.728,-0.146,0.331,-0.171,0.206,-0.145,0.148,27.65,0.21
806,1916,3,-0.385,0.840,-0.370,0.840,-0.144,0.324,-0.171,0.209,-0.145,0.148,27.65,0.21
807,1916,4,0.303,1.125,-0.373,0.855,-0.153,0.308,-0.174,0.209,-0.145,0.146,27.65,0.21
808,1916,5,-0.379,0.643,-0.431,0.879,-0.174,0.303,-0.175,0.208,-0.144,0.144,27.65,0.21
809,1916,6,-0.223,0.603,-0.334,0.854,-0.203,0.309,-0.172,0.207,-0.142,0.142,27.65,0.21
810,1916,7,-0.225,0.902,-0.207,0.832,-0.213,0.307,-0.169,0.203,-0.142,0.140,27.65,0.21
811,1916,8,-0.468,1.561,-0.211,0.845,-0.177,0.319,-0.165,0.202,-0.134,0.141,27.65,0.21
812,1916,9,-0.328,2.633,-0.192,0.836,-0.176,0.325,-0.166,0.200,-0.130,0.140,27.65,0.21
813,1916,10,-0.503,1.050,-0.199,0.833,-0.180,0.316,-0.169,0.193,-0.127,0.140,27.65,0.21
814,1916,11,-0.628,0.965,-0.207,0.845,-0.220,0.307,-0.166,0.187,-0.131,0.138,27.65,0.21
815,1916,12,0.913,1.234,-0.254,0.789,-0.226,0.315,-0.170,0.187,-0.125,0.134,27.65,0.21
816,1917,1,0.110,1.129,-0.263,0.717,-0.242,0.308,-0.171,0.186,-0.120,0.131,27.65,0.21
817,1917,2,-0.723,1.734,-0.265,0.618,-0.247,0.274,-0.184,0.189,-0.115,0.130,27.65,0.21
818,1917,3,-0.147,0.981,-0.286,0.518,-0.256,0.267,-0.189,0.188,-0.108,0.130,27.65,0.21
819,1917,4,0.213,0.701,-0.325,0.445,-0.257,0.264,-0.187,0.189,-0.106,0.128,27.65,0.21
820,1917,5,-0.477,0.783,-0.356,0.410,-0.262,0.257,-0.197,0.191,-0.105,0.129,27.65,0.21
821,1917,6,-0.790,0.961,-0.448,0.338,-0.272,0.263,-0.200,0.192,-0.103,0.125,27.65,0.21
822,1917,7,-0.322,0.828,-0.499,0.313,-0.282,0.263,-0.194,0.192,-0.105,0.126,27.65,0.21
823,1917,8,-0.493,0.605,-0.499,0.337,-0.299,0.262,-0.194,0.191,-0.106,0.126,27.65,0.21
824,1917,9,-0.584,1.107,-0.534,0.352,-0.322,0.286,-0.195,0.188,-0.105,0.126,27.65,0.21
825,1917,10,-0.978,0.545,-0.575,0.409,-0.301,0.288,-0.187,0.186,-0.100,0.124,27.65,0.21
826,1917,11,-0.989,0.585,-0.551,0.399,-0.317,0.305,-0.182,0.185,-0.095,0.126,27.65,0.21
827,1917,12,-0.199,1.248,-0.505,0.447,-0.324,0.297,-0.176,0.184,-0.090,0.128,27.65,0.21
828,1918,1,-0.496,1.459,-0.469,0.529,-0.329,0.287,-0.180,0.186,-0.095,0.130,27.65,0.21
829,1918,2,-0.724,2.252,-0.510,0.591,-0.341,0.282,-0.183,0.185,-0.098,0.132,27.65,0.21
830,1918,3,-0.575,0.806,-0.479,0.552,-0.324,0.271,-0.179,0.186,-0.093,0.137,27.65,0.21
831,1918,4,-0.268,0.843,-0.451,0.497,-0.317,0.259,-0.178,0.189,-0.094,0.136,27.65,0.21
832,1918,5,-0.191,0.603,-0.453,0.440,-0.334,0.263,-0.171,0.190,-0.098,0.136,27.65,0.21
833,1918,6,-0.247,0.905,-0.513,0.519,-0.334,0.255,-0.174,0.195,-0.097,0.135,27.65,0.21
834,1918,7,0.113,0.948,-0.520,0.409,-0.325,0.255,-0.175,0.195,-0.095,0.137,27.65,0.21
835,1918,8,-0.980,0.875,-0.401,0.316,-0.323,0.235,-0.178,0.196,-0.094,0.139,27.65,0.21
836,1918,9,-0.217,0.852,-0.317,0.333,-0.326,0.231,-0.175,0.197,-0.095,0.138,27.65,0.21
837,1918,10,-0.637,1.145,-0.241,0.293,-0.320,0.231,-0.165,0.195,-0.095,0.140,27.65,0.21
838,1918,11,-1.015,0.802,-0.278,0.322,-0.324,0.227,-0.169,0.197,-0.099,0.140,27.65,0.21
839,1918,12,-0.915,0.849,-0.227,0.349,-0.322,0.220,-0.168,0.202,-0.101,0.140,27.65,0.21
840,1919,1,-0.584,0.857,-0.273,0.430,-0.329,0.210,-0.167,0.208,-0.094,0.142,27.65,0.21
841,1919,2,0.708,0.662,-0.217,0.548,-0.329,0.202,-0.160,0.210,-0.096,0.140,27.65,0.21
842,1919,3,0.429,0.925,-0.229,0.557,-0.325,0.187,-0.154,0.212,-0.102,0.141,27.65,0.21
843,1919,4,0.644,0.927,-0.145,0.494,-0.316,0.178,-0.157,0.216,-0.102,0.143,27.65,0.21
844,1919,5,-0.631,1.078,-0.037,0.492,-0.311,0.178,-0.160,0.225,-0.111,0.141,27.65,0.21
845,1919,6,0.359,1.126,-0.031,0.482,-0.331,0.172,-0.165,0.234,-0.111,0.140,27.65,0.21
846,1919,7,-0.436,1.135,-0.070,0.442,-0.347,0.185,-0.167,0.233,-0.112,0.140,27.65,0.21
847,1919,8,-0.306,1.549,-0.256,0.490,-0.337,0.182,-0.170,0.227,-0.112,0.142,27.65,0.21
848,1919,9,-0.358,0.844,-0.357,0.544,-0.334,0.180,-0.171,0.228,-0.113,0.142,27.65,0.21
849,1919,10,0.360,0.819,-0.282,0.538,-0.320,0.181,-0.177,0.227,-0.112,0.144,27.65,0.21
850,1919,11,0.286,0.719,-0.248,0.500,-0.310,0.184,-0.187,0.223,-0.122,0.144,27.65,0.21
851,1919,12,-0.840,0.994,-0.294,0.461,-0.298,0.193,-0.189,0.224,-0.123,0.146,27.65,0.21
852,1920,1,-1.050,0.718,-0.282,0.435,-0.292,0.203,-0.196,0.220,-0.123,0.148,27.65,0.21
853,1920,2,-1.533,0.864,-0.300,0.425,-0.289,0.202,-0.197,0.220,-0.125,0.150,27.65,0.21
854,1920,3,-0.779,0.920,-0.259,0.435,-0.291,0.209,-0.204,0.230,-0.127,0.152,27.65,0.21
855,1920,4,1.541,0.909,-0.292,0.475,-0.276,0.209,-0.201,0.229,-0.131,0.152,27.65,0.21
856,1920,5,-0.221,0.734,-0.392,0.525,-0.258,0.209,-0.204,0.234,-0.131,0.153,27.65,0.21
857,1920,6,-0.196,0.972,-0.344,0.542,-0.259,0.211,-0.207,0.234,-0.134,0.154,27.65,0.21
858,1920,7,-0.287,0.940,-0.327,0.504,-0.265,0.233,-0.210,0.234,-0.133,0.153,27.65,0.21
859,1920,8,-0.528,1.086,-0.249,0.509,-0.253,0.247,-0.216,0.238,-0.131,0.153,27.65,0.21
860,1920,9,0.142,1.003,-0.228,0.521,-0.238,0.263,-0.210,0.235,-0.134,0.155,27.65,0.21
861,1920,10,-0.043,1.235,-0.305,0.462,-0.221,0.267,-0.213,0.234,-0.130,0.156,27.65,0.21
862,1920,11,-0.907,1.132,-0.338,0.431,-0.216,0.269,-0.216,0.235,-0.132,0.157,27.65,0.21
863,1920,12,-0.266,0.890,-0.330,0.448,-0.216,0.271,-0.195,0.232,-0.129,0.158,27.65,0.21
864,1921,1,-0.852,1.138,-0.356,0.400,-0.223,0.279,-0.171,0.235,-0.122,0.157,27.65,0.21
865,1921,2,-0.591,1.217,-0.354,0.367,-0.210,0.285,-0.162,0.232,-0.120,0.160,27.65,0.21
866,1921,3,-0.534,0.679,-0.374,0.331,-0.205,0.282,-0.157,0.228,-0.114,0.163,27.65,0.21
867,1921,4,0.619,0.743,-0.364,0.294,-0.177,0.265,-0.150,0.229,-0.115,0.164,27.65,0.21
868,1921,5,-0.610,0.724,-0.318,0.294,-0.165,0.255,-0.143,0.228,-0.111,0.166,27.65,0.21
869,1921,6,-0.100,1.145,-0.320,0.306,-0.133,0.256,-0.137,0.225,-0.110,0.168,27.65,0.21
870,1921,7,-0.607,0.810,-0.318,0.339,-0.121,0.250,-0.135,0.223,-0.106,0.169,27.65,0.21
871,1921,8,-0.507,0.727,-0.278,0.324,-0.143,0.261,-0.127,0.222,-0.102,0.171,27.65,0.21
872,1921,9,-0.092,0.593,-0.231,0.321,-0.133,0.275,-0.116,0.220,-0.103,0.173,27.65,0.21
873,1921,10,0.073,0.966,-0.195,0.322,-0.134,0.277,-0.103,0.219,-0.100,0.173,27.65,0.21
874,1921,11,-0.346,0.631,-0.133,0.330,-0.101,0.287,-0.109,0.219,-0.096,0.173,27.65,0.21
875,1921,12,-0.299,0.784,-0.133,0.382,-0.103,0.282,-0.113,0.215,-0.097,0.174,27.65,0.21
876,1922,1,-0.829,0.618,-0.078,0.421,-0.093,0.274,-0.121,0.217,-0.098,0.175,27.65,0.21
877,1922,2,-0.108,0.819,-0.064,0.423,-0.094,0.279,-0.125,0.216,-0.104,0.179,27.65,0.21
878,1922,3,0.034,0.670,-0.116,0.402,-0.086,0.284,-0.117,0.213,-0.107,0.183,27.65,0.21
879,1922,4,1.051,0.816,-0.129,0.363,-0.098,0.294,-0.115,0.209,-0.104,0.185,27.65,0.21
880,1922,5,0.128,0.683,-0.092,0.377,-0.112,0.298,-0.107,0.212,-0.107,0.187,27.65,0.21
881,1922,6,-0.090,1.782,-0.087,0.406,-0.107,0.314,-0.101,0.213,-0.105,0.190,27.65,0.21
882,1922,7,0.053,1.207,-0.088,0.485,-0.110,0.315,-0.102,0.214,-0.104,0.191,27.65,0.21
883,1922,8,-0.342,0.655,-0.083,0.509,-0.094,0.327,-0.105,0.216,-0.104,0.192,27.65,0.21
884,1922,9,-0.724,0.551,-0.055,0.548,-0.085,0.344,-0.102,0.217,-0.103,0.192,27.65,0.21
885,1922,10,-0.073,0.592,-0.083,0.523,-0.101,0.345,-0.088,0.218,-0.098,0.192,27.65,0.21
886,1922,11,0.099,0.916,-0.081,0.508,-0.092,0.347,-0.080,0.219,-0.096,0.191,27.65,0.21
887,1922,12,-0.240,0.703,-0.098,0.417,-0.091,0.351,-0.071,0.225,-0.094,0.192,27.65,0.21
888,1923,1,-0.849,1.458,-0.126,0.391,-0.091,0.353,-0.083,0.237,-0.092,0.196,27.65,0.21
889,1923,2,-0.039,0.650,-0.113,0.436,-0.090,0.353,-0.091,0.248,-0.093,0.197,27.65,0.21
890,1923,3,0.365,0.948,-0.047,0.492,-0.095,0.352,-0.079,0.251,-0.097,0.196,27.65,0.21
891,1923,4,0.714,1.276,0.045,0.531,-0.109,0.342,-0.073,0.257,-0.094,0.196,27.65,0.21
892,1923,5,0.155,0.659,0.014,0.529,-0.099,0.347,-0.075,0.261,-0.088,0.193,27.65,0.21
893,1923,6,-0.289,1.030,0.117,0.584,-0.056,0.363,-0.067,0.266,-0.090,0.193,27.65,0.21
894,1923,7,-0.290,0.811,0.196,0.643,-0.017,0.386,-0.065,0.271,-0.091,0.189,27.65,0.21
895,1923,8,-0.180,1.041,0.152,0.608,-0.002,0.378,-0.060,0.275,-0.093,0.186,27.65,0.21
896,1923,9,0.067,0.906,0.207,0.633,0.012,0.380,-0.059,0.276,-0.095,0.183,27.65,0.21
897,1923,10,1.024,0.886,0.194,0.606,0.021,0.374,-0.054,0.270,-0.096,0.179,27.65,0.21
898,1923,11,-0.274,0.761,0.296,0.656,0.039,0.371,-0.055,0.268,-0.103,0.178,27.65,0.21
899,1923,12,0.998,1.256,0.338,0.615,0.047,0.353,-0.050,0.274,-0.110,0.176,27.65,0.21
900,1924,1,0.106,1.086,0.376,0.590,0.058,0.348,-0.042,0.268,-0.118,0.175,27.65,0.21
901,1924,2,-0.570,1.389,0.361,0.566,0.076,0.353,-0.049,0.269,-0.117,0.173,27.65,0.21
902,1924,3,1.027,0.793,0.364,0.534,0.093,0.356,-0.053,0.273,-0.126,0.172,27.65,0.21
903,1924,4,0.557,0.647,0.252,0.515,0.110,0.352,-0.052,0.270,-0.128,0.174,27.65,0.21
904,1924,5,1.374,1.262,0.225,0.470,0.093,0.353,-0.058,0.276,-0.139,0.174,27.65,0.21
905,1924,6,0.214,0.690,0.098,0.456,0.105,0.352,-0.067,0.269,-0.140,0.176,27.65,0.21
906,1924,7,0.172,0.619,-0.013,0.485,0.105,0.348,-0.070,0.263,-0.141,0.176,27.65,0.21
907,1924,8,-0.358,0.572,-0.014,0.527,0.086,0.357,-0.075,0.261,-0.142,0.173,27.65,0.21
908,1924,9,0.103,0.632,-0.119,0.540,0.100,0.353,-0.079,0.261,-0.142,0.172,27.65,0.21
909,1924,10,-0.323,0.998,-0.117,0.596,0.089,0.339,-0.083,0.262,-0.143,0.172,27.65,0.21
910,1924,11,-0.596,1.155,-0.204,0.673,0.095,0.339,-0.100,0.262,-0.146,0.174,27.65,0.21
911,1924,12,-0.533,0.645,-0.231,0.769,0.097,0.313,-0.096,0.264,-0.141,0.174,27.65,0.21
912,1925,1,-1.217,1.356,-0.274,0.858,0.087,0.299,-0.098,0.264,-0.141,0.173,27.65,0.21
913,1925,2,-0.590,2.071,-0.281,0.884,0.079,0.303,-0.089,0.265,-0.145,0.172,27.65,0.21
914,1925,3,-0.231,1.011,-0.304,0.925,0.087,0.305,-0.086,0.267,-0.146,0.178,27.65,0.21
915,1925,4,0.578,1.338,-0.349,0.833,0.100,0.307,-0.101,0.262,-0.144,0.180,27.65,0.21
916,1925,5,0.331,0.845,-0.326,0.809,0.098,0.302,-0.100,0.257,-0.150,0.181,27.65,0.21
917,1925,6,-0.105,1.030,-0.088,0.780,0.117,0.305,-0.106,0.253,-0.149,0.180,27.65,0.21
918,1925,7,-0.342,1.021,0.140,0.731,0.099,0.292,-0.106,0.247,-0.150,0.177,27.65,0.21
919,1925,8,-0.444,0.800,0.214,0.588,0.070,0.300,-0.102,0.241,-0.153,0.177,27.65,0.21
920,1925,9,-0.177,0.791,0.258,0.559,0.080,0.297,-0.103,0.239,-0.148,0.174,27.65,0.21
921,1925,10,-0.858,0.599,0.307,0.461,0.075,0.299,-0.093,0.232,-0.151,0.173,27.65,0.21
922,1925,11,-0.327,0.812,0.318,0.429,0.066,0.298,-0.084,0.227,-0.151,0.173,27.65,0.21
923,1925,12,2.331,0.995,0.360,0.348,0.083,0.299,-0.075,0.234,-0.144,0.171,27.65,0.21
924,1926,1,1.514,0.995,0.391,0.295,0.093,0.303,-0.071,0.238,-0.136,0.169,27.65,0.21
925,1926,2,0.301,0.485,0.475,0.294,0.089,0.305,-0.069,0.236,-0.132,0.165,27.65,0.21
926,1926,3,0.294,0.960,0.567,0.313,0.087,0.307,-0.058,0.237,-0.127,0.165,27.65,0.21
927,1926,4,1.164,0.433,0.728,0.311,0.070,0.308,-0.057,0.239,-0.125,0.166,27.65,0.21
928,1926,5,0.466,0.469,0.646,0.292,0.055,0.319,-0.047,0.242,-0.130,0.164,27.65,0.21
929,1926,6,0.398,0.969,0.486,0.261,0.034,0.334,-0.048,0.239,-0.130,0.161,27.65,0.21
930,1926,7,0.030,0.750,0.291,0.250,0.038,0.329,-0.044,0.240,-0.131,0.158,27.65,0.21
931,1926,8,0.569,0.818,0.162,0.286,0.044,0.316,-0.039,0.240,-0.133,0.155,27.65,0.21
932,1926,9,0.921,0.906,0.208,0.268,0.028,0.308,-0.039,0.243,-0.131,0.149,27.65,0.21
933,1926,10,1.079,0.683,0.143,0.288,0.031,0.302,-0.030,0.242,-0.131,0.147,27.65,0.21
934,1926,11,-1.319,1.301,0.149,0.323,-0.015,0.325,-0.026,0.243,-0.133,0.146,27.65,0.21
935,1926,12,0.417,0.626,0.114,0.272,-0.031,0.324,-0.024,0.248,-0.138,0.144,27.65,0.21
936,1927,1,-0.826,0.701,0.067,0.251,-0.046,0.330,-0.024,0.250,-0.142,0.143,27.65,0.21
937,1927,2,-1.251,1.014,-0.047,0.247,-0.056,0.325,-0.023,0.255,-0.137,0.139,27.65,0.21
938,1927,3,0.849,1.367,-0.146,0.298,-0.071,0.328,-0.024,0.264,-0.134,0.137,27.65,0.21
939,1927,4,0.384,1.011,-0.179,0.337,-0.067,0.319,-0.022,0.261,-0.130,0.136,27.65,0.21
940,1927,5,0.534,0.994,-0.070,0.311,-0.087,0.304,-0.018,0.258,-0.128,0.134,27.65,0.21
941,1927,6,-0.015,1.108,-0.030,0.353,-0.084,0.280,-0.011,0.249,-0.121,0.134,27.65,0.21
942,1927,7,-0.539,0.548,-0.118,0.367,-0.085,0.262,-0.013,0.243,-0.120,0.135,27.65,0.21
943,1927,8,-0.792,0.956,-0.162,0.329,-0.083,0.242,-0.014,0.246,-0.117,0.133,27.65,0.21
944,1927,9,-0.267,0.730,-0.155,0.311,-0.087,0.231,-0.010,0.248,-0.113,0.131,27.65,0.21
945,1927,10,0.681,0.608,-0.151,0.349,-0.100,0.215,-0.009,0.249,-0.109,0.130,27.65,0.21
946,1927,11,-0.016,0.503,-0.228,0.410,-0.109,0.205,-0.009,0.247,-0.098,0.129,27.65,0.21
947,1927,12,0.897,0.874,-0.166,0.386,-0.122,0.196,-0.012,0.248,-0.093,0.134,27.65,0.21
948,1928,1,-1.882,0.974,-0.094,0.395,-0.121,0.186,-0.004,0.248,-0.096,0.137,27.65,0.21
949,1928,2,-1.775,0.679,-0.063,0.362,-0.114,0.174,-0.002,0.251,-0.090,0.136,27.65,0.21
950,1928,3,0.933,2.017,-0.046,0.368,-0.111,0.179,-0.014,0.242,-0.090,0.133,27.65,0.21
951,1928,4,0.425,0.765,-0.104,0.330,-0.078,0.174,-0.011,0.237,-0.085,0.133,27.65,0.21
952,1928,5,-0.385,0.694,-0.198,0.360,-0.068,0.168,-0.006,0.230,-0.080,0.133,27.65,0.21
953,1928,6,0.730,0.633,-0.297,0.377,-0.094,0.158,-0.007,0.223,-0.076,0.135,27.65,0.21
954,1928,7,0.325,0.668,-0.112,0.291,-0.125,0.152,-0.007,0.217,-0.077,0.137,27.65,0.21
955,1928,8,-0.428,0.551,0.022,0.276,-0.137,0.155,-0.008,0.213,-0.074,0.138,27.65,0.21
956,1928,9,-0.065,0.842,-0.054,0.339,-0.128,0.155,-0.016,0.208,-0.073,0.138,27.65,0.21
957,1928,10,-0.008,0.897,-0.027,0.291,-0.135,0.157,-0.027,0.208,-0.069,0.136,27.65,0.21
958,1928,11,-1.149,1.407,-0.109,0.366,-0.134,0.163,-0.036,0.213,-0.065,0.134,27.65,0.21
959,1928,12,-0.282,1.369,-0.235,0.347,-0.143,0.170,-0.052,0.217,-0.062,0.134,27.65,0.21
960,1929,1,0.336,1.223,-0.320,0.363,-0.145,0.174,-0.068,0.212,-0.060,0.134,27.65,0.21
961,1929,2,-0.172,0.827,-0.363,0.335,-0.153,0.171,-0.074,0.200,-0.069,0.133,27.65,0.21
962,1929,3,0.023,0.519,-0.426,0.317,-0.172,0.171,-0.097,0.192,-0.073,0.133,27.65,0.21
963,1929,4,0.753,0.869,-0.434,0.366,-0.170,0.168,-0.100,0.185,-0.076,0.133,27.65,0.21
964,1929,5,-1.372,1.965,-0.488,0.273,-0.145,0.175,-0.117,0.183,-0.073,0.136,27.65,0.21
965,1929,6,-0.778,0.427,-0.491,0.226,-0.152,0.180,-0.115,0.180,-0.073,0.137,27.65,0.21
966,1929,7,-0.703,0.414,-0.627,0.213,-0.154,0.186,-0.115,0.182,-0.071,0.138,27.65,0.21
967,1929,8,-0.944,0.549,-0.651,0.213,-0.133,0.195,-0.114,0.181,-0.071,0.142,27.65,0.21
968,1929,9,-0.818,0.671,-0.694,0.209,-0.148,0.206,-0.113,0.179,-0.067,0.143,27.65,0.21
969,1929,10,-0.107,0.365,-0.771,0.204,-0.132,0.214,-0.109,0.175,-0.066,0.143,27.65,0.21
970,1929,11,-1.787,0.447,-0.673,0.301,-0.132,0.206,-0.104,0.174,-0.069,0.145,27.65,0.21
971,1929,12,-0.328,1.768,-0.685,0.297,-0.119,0.219,-0.092,0.168,-0.060,0.149,27.65,0.21
972,1930,1,-1.294,0.873,-0.649,0.326,-0.113,0.224,-0.086,0.161,-0.055,0.149,27.65,0.21
973,1930,2,-0.457,1.236,-0.574,0.341,-0.107,0.229,-0.094,0.153,-0.049,0.150,27.65,0.21
974,1930,3,-0.494,0.618,-0.506,0.381,-0.107,0.234,-0.088,0.153,-0.042,0.152,27.65,0.21
975,1930,4,-0.168,0.650,-0.400,0.420,-0.118,0.239,-0.086,0.154,-0.045,0.151,27.65,0.21
976,1930,5,-0.201,0.577,-0.230,0.476,-0.116,0.241,-0.096,0.153,-0.040,0.150,27.65,0.21
977,1930,6,-0.922,0.557,-0.140,0.351,-0.141,0.249,-0.091,0.150,-0.036,0.148,27.65,0.21
978,1930,7,-0.270,0.729,-0.059,0.358,-0.107,0.264,-0.090,0.145,-0.032,0.147,27.65,0.21
979,1930,8,-0.040,0.866,-0.057,0.392,-0.075,0.266,-0.091,0.141,-0.027,0.147,27.65,0.21
980,1930,9,-0.002,0.830,0.056,0.412,-0.108,0.244,-0.087,0.140,-0.025,0.146,27.65,0.21
981,1930,10,1.158,0.849,0.132,0.403,-0.098,0.241,-0.088,0.139,-0.026,0.149,27.65,0.21
982,1930,11,0.258,1.034,0.193,0.417,-0.077,0.239,-0.086,0.138,-0.025,0.150,27.65,0.21
983,1930,12,0.747,1.609,0.256,0.441,-0.097,0.241,-0.093,0.137,-0.025,0.151,27.65,0.21
984,1931,1,-0.314,0.867,0.271,0.460,-0.108,0.226,-0.102,0.134,-0.018,0.151,27.65,0.21
985,1931,2,-0.439,0.832,0.280,0.476,-0.106,0.223,-0.101,0.133,-0.014,0.152,27.65,0.21
986,1931,3,0.869,0.748,0.266,0.545,-0.119,0.220,-0.097,0.137,-0.009,0.151,27.65,0.21
987,1931,4,0.744,0.856,0.267,0.581,-0.123,0.196,-0.101,0.138,-0.012,0.149,27.65,0.21
988,1931,5,0.533,0.723,0.259,0.648,-0.127,0.201,-0.117,0.137,-0.009,0.147,27.65,0.21
989,1931,6,-0.167,0.914,0.196,0.632,-0.139,0.201,-0.122,0.133,-0.010,0.146,27.65,0.21
990,1931,7,-0.094,0.546,0.145,0.621,-0.173,0.186,-0.127,0.133,-0.007,0.146,27.65,0.21
991,1931,8,0.067,0.741,0.185,0.609,-0.192,0.190,-0.138,0.134,-0.004,0.147,27.65,0.21
992,1931,9,-0.168,0.863,0.105,0.651,-0.222,0.183,-0.146,0.132,-0.003,0.147,27.65,0.21
993,1931,10,1.170,0.780,0.157,0.604,-0.231,0.177,-0.158,0.130,0.002,0.147,27.65,0.21
994,1931,11,0.165,0.825,0.158,0.543,-0.219,0.189,-0.157,0.133,0.005,0.147,27.65,0.21
995,1931,12,-0.009,1.139,0.236,0.530,-0.199,0.192,-0.163,0.133,0.008,0.146,27.65,0.21
996,1932,1,-0.936,0.897,0.228,0.512,-0.185,0.199,-0.163,0.135,0.005,0.146,27.65,0.21
997,1932,2,0.044,0.616,0.185,0.500,-0.171,0.198,-0.149,0.143,0.004,0.146,27.65,0.21
998,1932,3,-0.085,1.648,0.179,0.453,-0.154,0.208,-0.152,0.143,0.009,0.147,27.65,0.21
999,1932,4,1.361,0.556,0.082,0.428,-0.150,0.212,-0.144,0.142,0.011,0.146,27.65,0.21
1000,1932,5,0.547,0.408,0.075,0.391,-0.122,0.219,-0.148,0.137,0.013,0.148,27.65,0.21
1001,1932,6,0.768,0.639,0.026,0.341,-0.100,0.208,-0.142,0.142,0.017,0.147,27.65,0.21
1002,1932,7,-0.187,0.593,0.117,0.401,-0.086,0.201,-0.138,0.145,0.016,0.147,27.65,0.21
1003,1932,8,-0.448,0.639,0.127,0.387,-0.105,0.194,-0.130,0.147,0.013,0.149,27.65,0.21
1004,1932,9,-0.249,0.449,0.046,0.326,-0.089,0.195,-0.125,0.150,0.017,0.150,27.65,0.21
1005,1932,10,0.015,0.541,0.018,0.327,-0.073,0.195,-0.129,0.154,0.020,0.152,27.65,0.21
1006,1932,11,0.075,0.554,0.044,0.344,-0.083,0.184,-0.117,0.158,0.022,0.150,27.65,0.21
1007,1932,12,-0.599,0.726,-0.060,0.382,-0.060,0.184,-0.115,0.167,0.023,0.150,27.65,0.21
1008,1933,1,0.165,1.342,-0.069,0.368,-0.058,0.185,-0.109,0.176,0.022,0.150,27.65,0.21
1009,1933,2,0.163,0.742,-0.059,0.386,-0.068,0.186,-0.088,0.177,0.018,0.152,27.65,0.21
1010,1933,3,-1.054,1.477,-0.108,0.365,-0.062,0.194,-0.101,0.175,0.017,0.151,27.65,0.21
1011,1933,4,1.018,0.761,-0.130,0.342,-0.099,0.193,-0.097,0.181,0.016,0.151,27.65,0.21
1012,1933,5,0.855,0.943,-0.253,0.335,-0.105,0.199,-0.085,0.182,0.018,0.149,27.65,0.21
1013,1933,6,-0.472,0.903,-0.284,0.426,-0.092,0.196,-0.085,0.185,0.019,0.150,27.65,0.21
1014,1933,7,-0.294,0.865,-0.441,0.473,-0.079,0.192,-0.089,0.183,0.021,0.150,27.65,0.21
1015,1933,8,-0.330,0.880,-0.562,0.514,-0.065,0.180,-0.089,0.186,0.020,0.150,27.65,0.21
1016,1933,9,-0.832,0.684,-0.624,0.528,-0.067,0.174,-0.087,0.191,0.015,0.151,27.65,0.21
1017,1933,10,-0.254,1.739,-0.689,0.491,-0.067,0.169,-0.085,0.189,0.013,0.150,27.65,0.21
1018,1933,11,-1.397,2.105,-0.816,0.519,-0.100,0.159,-0.075,0.200,0.008,0.151,27.65,0.21
1019,1933,12,-0.970,2.350,-0.741,0.492,-0.101,0.149,-0.075,0.209,0.002,0.147,27.65,0.21
1020,1934,1,-1.726,0.571,-0.706,0.455,-0.108,0.147,-0.077,0.203,-0.005,0.145,27.65,0.21
1021,1934,2,-1.283,0.725,-0.690,0.439,-0.123,0.148,-0.090,0.213,-0.002,0.146,27.65,0.21
1022,1934,3,-1.808,0.866,-0.602,0.359,-0.119,0.148,-0.093,0.215,-0.008,0.146,27.65,0.21
1023,1934,4,0.240,1.042,-0.571,0.238,-0.147,0.148,-0.099,0.212,-0.005,0.145,27.65,0.21
1024,1934,5,-0.670,0.488,-0.460,0.219,-0.168,0.147,-0.089,0.222,-0.005,0.142,27.65,0.21
1025,1934,6,0.427,0.838,-0.300,0.411,-0.174,0.158,-0.079,0.221,-0.004,0.141,27.65,0.21
1026,1934,7,0.133,0.441,-0.191,0.411,-0.172,0.168,-0.072,0.225,-0.002,0.142,27.65,0.21
1027,1934,8,-0.136,0.473,-0.218,0.320,-0.165,0.186,-0.068,0.225,-0.000,0.142,27.65,0.21
1028,1934,9,0.226,0.540,-0.029,0.296,-0.155,0.220,-0.056,0.230,-0.002,0.142,27.65,0.21
1029,1934,10,0.108,0.589,0.019,0.278,-0.157,0.232,-0.050,0.230,0.001,0.141,27.65,0.21
1030,1934,11,-0.058,0.721,0.005,0.261,-0.165,0.241,-0.037,0.231,0.006,0.143,27.65,0.21
1031,1934,12,0.950,1.049,0.010,0.248,-0.166,0.254,-0.025,0.219,0.007,0.143,27.65,0.21
1032,1935,1,-0.427,0.501,-0.015,0.242,-0.163,0.254,-0.012,0.213,0.011,0.145,27.65,0.21
1033,1935,2,-1.598,0.819,-0.055,0.248,-0.153,0.262,-0.009,0.218,0.014,0.147,27.65,0.21
1034,1935,3,0.453,0.887,-0.047,0.259,-0.142,0.269,0.002,0.219,0.015,0.147,27.65,0.21
1035,1935,4,0.822,0.753,-0.142,0.224,-0.140,0.275,0.011,0.220,0.026,0.149,27.65,0.21
1036,1935,5,-0.837,1.145,-0.146,0.230,-0.117,0.279,0.020,0.217,0.024,0.150,27.65,0.21
1037,1935,6,0.479,0.427,-0.099,0.296,-0.089,0.284,0.035,0.222,0.026,0.152,27.65,0.21
1038,1935,7,-0.162,0.379,-0.027,0.392,-0.111,0.308,0.042,0.222,0.027,0.153,27.65,0.21
1039,1935,8,-0.613,0.536,0.143,0.449,-0.102,0.303,0.049,0.218,0.025,0.154,27.65,0.21
1040,1935,9,0.318,0.730,0.169,0.430,-0.093,0.300,0.054,0.220,0.026,0.154,27.65,0.21
1041,1935,10,-1.032,0.376,0.160,0.424,-0.096,0.297,0.042,0.218,0.029,0.152,27.65,0.21
1042,1935,11,-0.111,0.625,0.108,0.495,-0.092,0.284,0.034,0.212,0.035,0.153,27.65,0.21
1043,1935,12,1.524,2.065,0.053,0.473,-0.072,0.269,0.024,0.214,0.034,0.151,27.65,0.21
1044,1936,1,0.437,1.734,0.021,0.481,-0.071,0.263,0.034,0.211,0.023,0.149,27.65,0.21
1045,1936,2,0.442,0.534,0.001,0.487,-0.071,0.269,0.042,0.209,0.016,0.150,27.65,0.21
1046,1936,3,0.759,0.641,-0.020,0.470,-0.054,0.278,0.040,0.206,0.016,0.152,27.65,0.21
1047,1936,4,0.709,0.650,0.027,0.479,-0.046,0.296,0.034,0.205,0.012,0.152,27.65,0.21
1048,1936,5,-1.449,0.660,-0.058,0.460,-0.022,0.330,0.029,0.201,0.009,0.154,27.65,0.21
1049,1936,6,-0.191,0.864,-0.213,0.365,-0.011,0.367,0.029,0.203,0.006,0.155,27.65,0.21
1050,1936,7,-0.540,0.672,-0.317,0.292,0.019,0.364,0.030,0.198,0.006,0.156,27.65,0.21
1051,1936,8,-0.851,0.516,-0.316,0.396,0.012,0.367,0.030,0.196,0.001,0.157,27.65,0.21
1052,1936,9,0.065,0.532,-0.336,0.493,0.035,0.364,0.034,0.194,-0.004,0.157,27.65,0.21
1053,1936,10,-0.475,0.334,-0.292,0.531,0.032,0.355,0.034,0.192,-0.007,0.156,27.65,0.21
1054,1936,11,-1.128,0.387,-0.164,0.569,0.041,0.354,0.037,0.190,0.002,0.161,27.65,0.21
1055,1936,12,-0.332,0.722,-0.091,0.597,0.041,0.341,0.039,0.193,-0.001,0.161,27.65,0.21
1056,1937,1,-0.818,0.996,-0.045,0.576,0.041,0.341,0.035,0.195,-0.000,0.162,27.65,0.21
1057,1937,2,0.453,1.537,0.037,0.571,0.036,0.343,0.030,0.195,0.004,0.164,27.65,0.21
1058,1937,3,0.527,1.060,0.064,0.582,0.043,0.341,0.041,0.208,0.008,0.162,27.65,0.21
1059,1937,4,1.238,1.074,0.118,0.601,0.051,0.339,0.044,0.211,0.014,0.159,27.65,0.21
1060,1937,5,0.083,1.128,0.333,0.624,0.047,0.338,0.045,0.215,0.008,0.157,27.65,0.21
1061,1937,6,0.688,1.113,0.449,0.646,0.051,0.325,0.045,0.219,0.008,0.162,27.65,0.21
1062,1937,7,0.014,0.630,0.424,0.647,0.063,0.319,0.044,0.218,0.009,0.167,27.65,0.21
1063,1937,8,0.131,0.520,0.445,0.544,0.088,0.326,0.040,0.219,0.010,0.168,27.65,0.21
1064,1937,9,0.388,0.845,0.355,0.571,0.093,0.333,0.044,0.217,0.011,0.168,27.65,0.21
1065,1937,10,0.166,0.588,0.323,0.557,0.094,0.332,0.048,0.218,0.011,0.169,27.65,0.21
1066,1937,11,1.459,0.786,0.407,0.501,0.124,0.342,0.054,0.215,0.012,0.169,27.65,0.21
1067,1937,12,1.055,0.903,0.409,0.433,0.130,0.347,0.059,0.213,0.008,0.170,27.65,0.21
1068,1938,1,-1.115,0.976,0.390,0.426,0.142,0.342,0.048,0.218,0.012,0.171,27.65,0.21
1069,1938,2,0.703,0.463,0.351,0.425,0.165,0.334,0.037,0.217,0.021,0.171,27.65,0.21
1070,1938,3,-0.546,1.358,0.333,0.433,0.171,0.325,0.048,0.207,0.019,0.168,27.65,0.21
1071,1938,4,0.850,0.687,0.338,0.441,0.182,0.332,0.044,0.205,0.013,0.169,27.65,0.21
1072,1938,5,1.085,0.459,0.221,0.447,0.174,0.324,0.042,0.198,0.014,0.170,27.65,0.21
1073,1938,6,0.715,0.623,0.107,0.421,0.141,0.309,0.046,0.200,0.010,0.172,27.65,0.21
1074,1938,7,-0.209,0.622,0.204,0.370,0.147,0.291,0.049,0.197,0.010,0.170,27.65,0.21
1075,1938,8,-0.337,0.511,0.007,0.423,0.149,0.294,0.047,0.197,0.010,0.170,27.65,0.21
1076,1938,9,0.172,0.929,0.018,0.387,0.146,0.301,0.046,0.205,0.013,0.171,27.65,0.21
1077,1938,10,0.221,0.578,-0.051,0.349,0.134,0.299,0.052,0.216,0.012,0.170,27.65,0.21
1078,1938,11,0.057,0.749,-0.149,0.331,0.158,0.292,0.053,0.229,0.016,0.174,27.65,0.21
1079,1938,12,-0.307,0.652,-0.175,0.338,0.158,0.289,0.056,0.245,0.016,0.179,27.65,0.21
1080,1939,1,0.047,0.524,-0.149,0.358,0.168,0.275,0.058,0.245,0.011,0.175,27.65,0.21
1081,1939,2,-1.669,1.013,-0.154,0.385,0.183,0.267,0.069,0.244,0.005,0.178,27.65,0.21
1082,1939,3,-0.404,0.754,-0.118,0.354,0.187,0.259,0.081,0.240,0.001,0.177,27.65,0.21
1083,1939,4,0.018,0.504,-0.086,0.345,0.215,0.255,0.090,0.234,-0.002,0.175,27.65,0.21
1084,1939,5,-0.091,0.633,-0.113,0.343,0.242,0.250,0.106,0.237,0.001,0.179,27.65,0.21
1085,1939,6,0.400,0.591,0.012,0.349,0.253,0.244,0.107,0.234,0.006,0.180,27.65,0.21
1086,1939,7,0.111,0.539,0.030,0.313,0.243,0.235,0.112,0.233,0.009,0.179,27.65,0.21
1087,1939,8,-0.397,0.933,0.161,0.308,0.226,0.215,0.113,0.231,0.014,0.177,27.65,0.21
1088,1939,9,0.599,0.389,0.258,0.311,0.237,0.213,0.109,0.228,0.018,0.180,27.65,0.21
1089,1939,10,0.602,0.468,0.330,0.336,0.244,0.212,0.112,0.225,0.021,0.181,27.65,0.21
1090,1939,11,-0.272,0.622,0.416,0.323,0.254,0.220,0.116,0.225,0.028,0.181,27.65,0.21
1091,1939,12,1.193,0.709,0.453,0.308,0.255,0.221,0.106,0.220,0.038,0.175,27.65,0.21
1092,1940,1,0.272,0.880,0.492,0.296,0.252,0.222,0.107,0.220,0.037,0.173,27.65,0.21
1093,1940,2,-0.101,0.753,0.590,0.290,0.233,0.220,0.122,0.224,0.036,0.175,27.65,0.21
1094,1940,3,0.756,0.528,0.595,0.307,0.231,0.216,0.118,0.220,0.041,0.174,27.65,0.21
1095,1940,4,0.888,0.969,0.516,0.330,0.237,0.216,0.138,0.215,0.042,0.173,27.65,0.21
1096,1940,5,0.936,0.384,0.485,0.358,0.225,0.208,0.145,0.221,0.041,0.173,27.65,0.21
1097,1940,6,0.852,0.695,0.349,0.345,0.207,0.202,0.144,0.221,0.049,0.175,27.65,0.21
1098,1940,7,0.579,0.685,0.396,0.319,0.206,0.198,0.144,0.220,0.048,0.172,27.65,0.21
1099,1940,8,0.775,0.434,0.450,0.317,0.176,0.204,0.141,0.221,0.042,0.171,27.65,0.21
1100,1940,9,0.658,0.443,0.435,0.282,0.189,0.202,0.139,0.216,0.038,0.171,27.65,0.21
1101,1940,10,-0.347,0.539,0.362,0.188,0.183,0.203,0.147,0.216,0.030,0.170,27.65,0.21
1102,1940,11,-0.637,0.758,0.279,0.161,0.175,0.203,0.157,0.213,0.030,0.170,27.65,0.21
1103,1940,12,-0.438,0.470,0.195,0.152,0.164,0.215,0.160,0.203,0.027,0.170,27.65,0.21
1104,1941,1,0.828,0.518,0.149,0.136,0.168,0.213,0.148,0.193,0.024,0.167,27.65,0.21
1105,1941,2,0.548,0.455,0.091,0.142,0.166,0.216,0.132,0.194,0.022,0.165,27.65,0.21
1106,1941,3,0.582,0.627,0.059,0.138,0.146,0.226,0.128,0.195,0.021,0.163,27.65,0.21
1107,1941,4,0.006,0.958,0.190,0.154,0.151,0.232,0.124,0.193,0.022,0.162,27.65,0.21
1108,1941,5,-0.062,0.900,0.283,0.193,0.128,0.233,0.135,0.196,0.018,0.160,27.65,0.21
1109,1941,6,-0.152,0.635,0.346,0.207,0.124,0.231,0.134,0.200,0.020,0.159,27.65,0.21
1110,1941,7,0.032,0.765,0.159,0.227,0.097,0.232,0.138,0.199,0.021,0.158,27.65,0.21
1111,1941,8,0.070,0.791,0.066,0.267,0.126,0.236,0.140,0.197,0.020,0.158,27.65,0.21
1112,1941,9,0.279,0.504,0.120,0.203,0.126,0.238,0.138,0.198,0.018,0.156,27.65,0.21
1113,1941,10,1.228,0.565,0.256,0.178,0.148,0.233,0.145,0.200,0.006,0.156,27.65,0.21
1114,1941,11,0.480,0.492,0.321,0.216,0.171,0.231,0.162,0.203,0.005,0.155,27.65,0.21
1115,1941,12,0.311,0.477,0.393,0.192,0.173,0.226,0.161,0.202,0.004,0.154,27.65,0.21
1116,1942,1,-1.410,0.499,0.375,0.240,0.184,0.228,0.163,0.200,-0.003,0.153,27.65,0.21
1117,1942,2,-0.575,0.526,0.285,0.245,0.190,0.230,0.156,0.194,-0.008,0.151,27.65,0.21
1118,1942,3,1.229,1.019,0.286,0.252,0.175,0.236,0.168,0.190,-0.004,0.153,27.65,0.21
1119,1942,4,1.641,0.662,0.225,0.262,0.173,0.232,0.173,0.184,-0.015,0.153,27.65,0.21
1120,1942,5,0.715,0.770,0.248,0.269,0.185,0.239,0.164,0.185,-0.020,0.154,27.65,0.21
1121,1942,6,0.717,0.468,0.220,0.306,0.160,0.233,0.158,0.190,-0.019,0.155,27.65,0.21
1122,1942,7,-0.189,0.663,0.241,0.329,0.151,0.226,0.156,0.197,-0.019,0.153,27.65,0.21
1123,1942,8,-1.001,0.887,0.198,0.369,0.156,0.223,0.150,0.197,-0.019,0.153,27.65,0.21
1124,1942,9,0.284,0.508,0.114,0.335,0.143,0.218,0.147,0.196,-0.025,0.152,27.65,0.21
1125,1942,10,0.503,0.434,0.018,0.384,0.182,0.208,0.151,0.193,-0.025,0.152,27.65,0.21
1126,1942,11,0.755,0.416,0.011,0.343,0.165,0.206,0.140,0.191,-0.021,0.151,27.65,0.21
1127,1942,12,-0.027,0.563,-0.047,0.401,0.158,0.202,0.131,0.187,-0.020,0.148,27.65,0.21
1128,1943,1,-1.161,0.668,-0.026,0.411,0.147,0.198,0.133,0.183,-0.014,0.147,27.65,0.21
1129,1943,2,-1.095,0.726,0.017,0.416,0.116,0.201,0.131,0.183,-0.020,0.144,27.65,0.21
1130,1943,3,0.220,0.378,-0.089,0.451,0.107,0.201,0.139,0.186,-0.022,0.139,27.65,0.21
1131,1943,4,0.499,0.637,-0.091,0.453,0.111,0.197,0.124,0.187,-0.021,0.137,27.65,0.21
1132,1943,5,0.622,0.621,-0.265,0.479,0.140,0.194,0.113,0.187,-0.022,0.136,27.65,0.21
1133,1943,6,0.024,1.082,-0.308,0.444,0.180,0.190,0.106,0.187,-0.024,0.135,27.65,0.21
1134,1943,7,0.062,0.709,-0.340,0.444,0.149,0.183,0.109,0.183,-0.025,0.135,27.65,0.21
1135,1943,8,-0.480,1.145,-0.243,0.450,0.116,0.182,0.109,0.183,-0.024,0.136,27.65,0.21
1136,1943,9,-0.995,1.131,-0.294,0.471,0.110,0.187,0.112,0.181,-0.021,0.137,27.65,0.21
1137,1943,10,0.490,0.794,-0.227,0.406,0.114,0.192,0.109,0.183,-0.021,0.141,27.65,0.21
1138,1943,11,-1.339,0.342,-0.172,0.409,0.112,0.205,0.106,0.184,-0.011,0.146,27.65,0.21
1139,1943,12,-0.545,0.316,-0.129,0.361,0.111,0.203,0.107,0.186,-0.005,0.154,27.65,0.21
1140,1944,1,-1.539,0.857,-0.070,0.358,0.108,0.214,0.099,0.183,-0.002,0.153,27.65,0.21
1141,1944,2,0.065,0.943,-0.032,0.339,0.097,0.207,0.100,0.184,-0.006,0.151,27.65,0.21
1142,1944,3,-0.391,0.557,0.027,0.276,0.089,0.208,0.096,0.183,-0.002,0.149,27.65,0.21
1143,1944,4,1.303,0.583,0.023,0.223,0.076,0.208,0.096,0.184,-0.008,0.146,27.65,0.21
1144,1944,5,1.282,0.265,0.173,0.245,0.082,0.218,0.091,0.180,-0.002,0.148,27.65,0.21
1145,1944,6,0.541,0.782,0.194,0.244,0.070,0.228,0.090,0.178,-0.007,0.147,27.65,0.21
1146,1944,7,0.772,0.545,0.300,0.207,0.083,0.228,0.091,0.173,-0.010,0.146,27.65,0.21
1147,1944,8,-0.027,0.557,0.307,0.182,0.087,0.233,0.095,0.169,-0.013,0.145,27.65,0.21
1148,1944,9,-0.285,0.643,0.340,0.158,0.098,0.229,0.093,0.171,-0.014,0.143,27.65,0.21
1149,1944,10,0.444,0.355,0.503,0.184,0.101,0.226,0.092,0.171,-0.012,0.143,27.65,0.21
1150,1944,11,0.457,0.586,0.389,0.198,0.074,0.219,0.093,0.171,-0.012,0.142,27.65,0.21
1151,1944,12,-0.294,0.603,0.377,0.204,0.062,0.220,0.101,0.168,-0.014,0.140,27.65,0.21
1152,1945,1,-0.265,0.434,0.305,0.173,0.061,0.229,0.085,0.165,-0.008,0.139,27.65,0.21
1153,1945,2,0.155,0.416,0.220,0.155,0.066,0.219,0.081,0.163,0.003,0.141,27.65,0.21
1154,1945,3,-0.004,0.349,0.251,0.125,0.063,0.215,0.079,0.163,0.003,0.140,27.65,0.21
1155,1945,4,3.266,0.593,0.205,0.120,0.065,0.209,0.074,0.160,0.002,0.137,27.65,0.21
1156,1945,5,-0.085,0.579,0.260,0.100,0.054,0.209,0.062,0.160,0.010,0.140,27.65,0.21
1157,1945,6,0.395,0.523,0.448,0.123,0.055,0.203,0.063,0.162,0.007,0.140,27.65,0.21
1158,1945,7,-0.102,0.292,0.382,0.109,0.060,0.192,0.055,0.157,0.005,0.139,27.65,0.21
1159,1945,8,-1.036,0.774,0.252,0.114,0.086,0.184,0.036,0.155,0.006,0.138,27.65,0.21
1160,1945,9,0.084,0.648,0.273,0.130,0.089,0.189,0.022,0.155,0.004,0.136,27.65,0.21
1161,1945,10,-0.112,0.834,0.022,0.175,0.065,0.189,0.019,0.154,0.010,0.136,27.65,0.21
1162,1945,11,1.115,0.564,0.009,0.239,0.050,0.190,0.027,0.154,0.018,0.135,27.65,0.21
1163,1945,12,1.965,0.367,-0.041,0.275,0.047,0.182,0.029,0.154,0.014,0.131,27.65,0.21
1164,1946,1,-1.057,0.260,-0.045,0.270,0.049,0.175,0.014,0.152,0.014,0.127,27.65,0.21
1165,1946,2,-1.411,0.355,-0.004,0.241,0.052,0.171,0.001,0.152,0.009,0.127,27.65,0.21
1166,1946,3,0.249,0.576,-0.028,0.332,0.077,0.157,0.003,0.152,0.000,0.127,27.65,0.21
1167,1946,4,0.252,0.692,0.016,0.403,0.067,0.155,0.011,0.155,-0.005,0.127,27.65,0.21
1168,1946,5,-0.232,0.873,-0.008,0.424,0.085,0.151,0.006,0.158,0.003,0.128,27.65,0.21
1169,1946,6,-0.205,0.824,-0.203,0.459,0.091,0.156,0.010,0.154,0.005,0.128,27.65,0.21
1170,1946,7,-0.157,0.422,-0.170,0.481,0.100,0.150,0.012,0.157,0.006,0.128,27.65,0.21
1171,1946,8,-0.544,0.507,-0.078,0.522,0.074,0.152,0.011,0.155,0.006,0.127,27.65,0.21
1172,1946,9,-0.196,0.696,0.059,0.496,0.065,0.149,0.003,0.154,0.003,0.127,27.65,0.21
1173,1946,10,0.410,0.634,0.190,0.386,0.044,0.153,-0.023,0.154,0.005,0.127,27.65,0.21
1174,1946,11,0.832,0.808,0.134,0.355,0.012,0.151,-0.027,0.155,0.009,0.127,27.65,0.21
1175,1946,12,-0.379,0.665,0.148,0.330,0.008,0.156,-0.032,0.154,0.005,0.125,27.65,0.21
1176,1947,1,-0.662,0.380,0.139,0.431,-0.002,0.145,-0.042,0.152,0.002,0.124,27.65,0.21
1177,1947,2,-0.303,0.668,0.131,0.402,-0.000,0.144,-0.046,0.151,-0.001,0.120,27.65,0.21
1178,1947,3,1.886,0.329,0.154,0.330,0.010,0.144,-0.049,0.147,-0.001,0.117,27.65,0.21
1179,1947,4,1.825,0.931,0.170,0.289,0.011,0.147,-0.074,0.149,-0.008,0.117,27.65,0.21
1180,1947,5,-0.905,0.660,0.112,0.274,0.002,0.148,-0.085,0.145,-0.014,0.119,27.65,0.21
1181,1947,6,-0.031,0.570,0.144,0.277,0.041,0.149,-0.083,0.144,-0.019,0.122,27.65,0.21
1182,1947,7,-0.264,1.451,0.130,0.235,0.018,0.148,-0.083,0.141,-0.019,0.121,27.65,0.21
1183,1947,8,-0.647,0.605,0.192,0.184,0.007,0.151,-0.078,0.136,-0.021,0.123,27.65,0.21
1184,1947,9,0.079,0.580,0.069,0.198,0.016,0.156,-0.094,0.133,-0.021,0.124,27.65,0.21
1185,1947,10,0.607,0.451,-0.164,0.251,-0.034,0.165,-0.098,0.131,-0.027,0.124,27.65,0.21
1186,1947,11,0.135,0.447,-0.111,0.215,-0.042,0.172,-0.097,0.131,-0.035,0.122,27.65,0.21
1187,1947,12,0.008,0.449,-0.119,0.199,-0.032,0.174,-0.098,0.126,-0.040,0.119,27.65,0.21
1188,1948,1,-0.828,0.457,-0.082,0.128,-0.037,0.162,-0.076,0.120,-0.031,0.116,27.65,0.21
1189,1948,2,0.434,0.406,-0.054,0.125,-0.045,0.150,-0.077,0.115,-0.027,0.115,27.65,0.21
1190,1948,3,0.414,0.444,-0.018,0.119,-0.063,0.159,-0.093,0.113,-0.019,0.116,27.65,0.21
1191,1948,4,-0.974,0.556,-0.078,0.137,-0.072,0.166,-0.087,0.110,-0.019,0.115,27.65,0.21
1192,1948,5,-0.259,0.385,-0.110,0.199,-0.087,0.165,-0.086,0.111,-0.018,0.116,27.65,0.21
1193,1948,6,-0.133,0.411,-0.129,0.233,-0.121,0.164,-0.094,0.106,-0.022,0.115,27.65,0.21
1194,1948,7,0.182,0.515,-0.142,0.248,-0.121,0.166,-0.099,0.105,-0.023,0.114,27.65,0.21
1195,1948,8,-0.310,0.275,-0.302,0.264,-0.113,0.165,-0.095,0.101,-0.024,0.114,27.65,0.21
1196,1948,9,0.506,0.598,-0.417,0.230,-0.104,0.160,-0.088,0.097,-0.023,0.114,27.65,0.21
1197,1948,10,-0.114,0.393,-0.328,0.238,-0.092,0.157,-0.094,0.099,-0.023,0.114,27.65,0.21
1198,1948,11,-0.250,0.756,-0.364,0.231,-0.099,0.147,-0.075,0.098,-0.027,0.113,27.65,0.21
1199,1948,12,-0.215,0.403,-0.327,0.245,-0.090,0.136,-0.067,0.098,-0.025,0.113,27.65,0.21
1200,1949,1,-0.985,0.469,-0.329,0.229,-0.084,0.136,-0.061,0.097,-0.024,0.111,27.65,0.21
1201,1949,2,-1.489,0.575,-0.295,0.214,-0.076,0.135,-0.081,0.096,-0.022,0.110,27.65,0.21
1202,1949,3,-0.960,0.376,-0.311,0.205,-0.084,0.130,-0.085,0.095,-0.020,0.109,27.65,0.21
1203,1949,4,0.091,0.607,-0.255,0.216,-0.121,0.127,-0.107,0.098,-0.015,0.111,27.65,0.21
1204,1949,5,-0.695,0.537,-0.244,0.179,-0.135,0.123,-0.111,0.098,-0.016,0.110,27.65,0.21
1205,1949,6,0.309,0.334,-0.054,0.155,-0.135,0.115,-0.120,0.103,-0.015,0.109,27.65,0.21
1206,1949,7,0.163,0.631,-0.109,0.141,-0.167,0.112,-0.132,0.101,-0.015,0.109,27.65,0.21
1207,1949,8,0.102,0.395,-0.030,0.121,-0.178,0.108,-0.139,0.100,-0.015,0.109,27.65,0.21
1208,1949,9,0.305,0.312,0.094,0.163,-0.195,0.105,-0.136,0.099,-0.018,0.109,27.65,0.21
1209,1949,10,0.557,0.561,0.110,0.146,-0.250,0.114,-0.136,0.100,-0.017,0.109,27.65,0.21
1210,1949,11,-0.109,0.226,0.121,0.161,-0.245,0.112,-0.139,0.101,-0.018,0.109,27.65,0.21
1211,1949,12,2.057,0.466,0.178,0.177,-0.227,0.108,-0.134,0.099,-0.025,0.106,27.65,0.21
1212,1950,1,-1.642,0.258,0.130,0.180,-0.226,0.097,-0.123,0.097,-0.027,0.105,27.65,0.21
1213,1950,2,-0.534,0.246,-0.001,0.174,-0.222,0.097,-0.115,0.099,-0.019,0.102,27.65,0.21
1214,1950,3,0.523,0.569,-0.110,0.168,-0.251,0.096,-0.112,0.099,-0.025,0.101,27.65,0.21
1215,1950,4,0.284,0.401,-0.214,0.164,-0.261,0.098,-0.134,0.103,-0.030,0.100,27.65,0.21
1216,1950,5,-0.563,0.368,-0.184,0.168,-0.248,0.100,-0.124,0.104,-0.033,0.100,27.65,0.21
1217,1950,6,0.990,0.599,-0.363,0.201,-0.252,0.100,-0.130,0.104,-0.039,0.100,27.65,0.21
1218,1950,7,-0.415,0.740,-0.314,0.199,-0.212,0.097,-0.134,0.102,-0.041,0.099,27.65,0.21
1219,1950,8,-1.467,0.341,-0.348,0.182,-0.239,0.093,-0.129,0.099,-0.042,0.099,27.65,0.21
1220,1950,9,-0.995,0.428,-0.327,0.144,-0.274,0.089,-0.130,0.101,-0.045,0.098,27.65,0.21
1221,1950,10,-0.698,0.458,-0.266,0.143,-0.238,0.084,-0.127,0.104,-0.042,0.098,27.65,0.21
1222,1950,11,0.248,0.311,-0.274,0.129,-0.222,0.083,-0.120,0.103,-0.036,0.098,27.65,0.21
1223,1950,12,-0.081,0.538,-0.331,0.110,-0.236,0.082,-0.133,0.101,-0.041,0.097,27.65,0.21
1224,1951,1,-1.064,0.272,-0.277,0.129,-0.247,0.084,-0.120,0.100,-0.050,0.095,27.65,0.21
1225,1951,2,-0.939,0.345,-0.162,0.146,-0.242,0.082,-0.115,0.100,-0.054,0.095,27.65,0.21
1226,1951,3,0.781,0.425,-0.132,0.141,-0.253,0.083,-0.128,0.097,-0.054,0.095,27.65,0.21
1227,1951,4,1.009,0.344,-0.228,0.119,-0.254,0.082,-0.135,0.096,-0.048,0.097,27.65,0.21
1228,1951,5,-0.661,0.338,-0.248,0.115,-0.235,0.078,-0.129,0.092,-0.041,0.099,27.65,0.21
1229,1951,6,0.314,0.357,-0.271,0.112,-0.224,0.073,-0.125,0.086,-0.040,0.096,27.65,0.21
1230,1951,7,0.231,0.273,-0.399,0.115,-0.222,0.073,-0.126,0.084,-0.040,0.098,27.65,0.21
1231,1951,8,-0.091,0.208,-0.403,0.109,-0.236,0.070,-0.128,0.086,-0.040,0.097,27.65,0.21
1232,1951,9,-0.638,0.374,-0.396,0.124,-0.236,0.075,-0.133,0.083,-0.040,0.096,27.65,0.21
1233,1951,10,-1.842,0.452,-0.601,0.147,-0.258,0.078,-0.135,0.082,-0.044,0.094,27.65,0.21
1234,1951,11,0.002,0.282,-0.597,0.157,-0.233,0.075,-0.145,0.080,-0.045,0.094,27.65,0.21
1235,1951,12,-0.357,0.398,-0.536,0.142,-0.248,0.077,-0.151,0.079,-0.041,0.094,27.65,0.21
1236,1952,1,-2.599,0.297,-0.570,0.129,-0.261,0.080,-0.158,0.077,-0.031,0.092,27.65,0.21
1237,1952,2,-0.990,0.319,-0.600,0.144,-0.278,0.081,-0.157,0.073,-0.032,0.091,27.65,0.21
1238,1952,3,0.875,0.312,-0.684,0.164,-0.282,0.082,-0.169,0.072,-0.039,0.090,27.65,0.21
1239,1952,4,-1.462,0.388,-0.530,0.139,-0.284,0.080,-0.189,0.076,-0.044,0.091,27.65,0.21
1240,1952,5,-0.604,0.248,-0.455,0.136,-0.281,0.079,-0.192,0.075,-0.045,0.089,27.65,0.21
1241,1952,6,1.044,0.301,-0.441,0.119,-0.309,0.080,-0.196,0.076,-0.048,0.089,27.65,0.21
1242,1952,7,-0.180,0.185,-0.097,0.108,-0.265,0.076,-0.194,0.070,-0.047,0.087,27.65,0.21
1243,1952,8,-0.455,0.420,-0.113,0.120,-0.238,0.076,-0.191,0.072,-0.043,0.085,27.65,0.21
1244,1952,9,-1.641,0.635,-0.327,0.137,-0.240,0.077,-0.189,0.075,-0.042,0.084,27.65,0.21
1245,1952,10,0.001,0.226,-0.103,0.129,-0.234,0.075,-0.204,0.077,-0.041,0.084,27.65,0.21
1246,1952,11,0.906,0.317,0.002,0.124,-0.206,0.072,-0.210,0.076,-0.044,0.083,27.65,0.21
1247,1952,12,-0.190,0.198,-0.162,0.135,-0.229,0.076,-0.211,0.075,-0.043,0.081,27.65,0.21
1248,1953,1,1.529,0.304,-0.190,0.148,-0.230,0.079,-0.195,0.073,-0.030,0.079,27.65,0.21
1249,1953,2,-1.174,0.421,-0.151,0.129,-0.213,0.082,-0.184,0.070,-0.021,0.076,27.65,0.21
1250,1953,3,-1.699,0.463,-0.027,0.115,-0.198,0.078,-0.177,0.069,-0.023,0.077,27.65,0.21
1251,1953,4,1.221,0.166,-0.044,0.128,-0.182,0.081,-0.162,0.068,-0.025,0.076,27.65,0.21
1252,1953,5,0.665,0.285,-0.045,0.123,-0.154,0.082,-0.149,0.068,-0.034,0.076,27.65,0.21
1253,1953,6,-0.933,0.408,0.009,0.122,-0.145,0.084,-0.150,0.068,-0.036,0.073,27.65,0.21
1254,1953,7,-0.510,0.330,-0.193,0.126,-0.119,0.083,-0.155,0.070,-0.035,0.072,27.65,0.21
1255,1953,8,0.013,0.430,-0.287,0.122,-0.116,0.087,-0.157,0.071,-0.034,0.070,27.65,0.21
1256,1953,9,-0.151,0.246,-0.223,0.129,-0.151,0.093,-0.158,0.073,-0.029,0.068,27.65,0.21
1257,1953,10,-0.205,0.419,-0.428,0.158,-0.178,0.102,-0.155,0.072,-0.034,0.068,27.65,0.21
1258,1953,11,0.892,0.337,-0.419,0.163,-0.158,0.101,-0.160,0.072,-0.026,0.067,27.65,0.21
1259,1953,12,0.459,0.310,-0.389,0.160,-0.160,0.098,-0.158,0.071,-0.025,0.067,27.65,0.21
1260,1954,1,-0.888,0.236,-0.400,0.128,-0.168,0.096,-0.146,0.071,-0.018,0.066,27.65,0.21
1261,1954,2,-2.310,0.361,-0.475,0.136,-0.180,0.101,-0.144,0.071,-0.011,0.066,27.65,0.21
1262,1954,3,-0.924,0.371,-0.459,0.133,-0.182,0.098,-0.136,0.071,-0.001,0.065,27.65,0.21
1263,1954,4,-1.240,0.598,-0.406,0.118,-0.149,0.093,-0.125,0.071,-0.012,0.066,27.65,0.21
1264,1954,5,0.770,0.289,-0.471,0.132,-0.154,0.096,-0.122,0.070,-0.012,0.067,27.65,0.21
1265,1954,6,-0.570,0.495,-0.481,0.134,-0.167,0.095,-0.120,0.071,-0.014,0.069,27.65,0.21
1266,1954,7,-0.645,0.585,-0.322,0.131,-0.150,0.094,-0.120,0.073,-0.017,0.070,27.65,0.21
1267,1954,8,-0.882,0.297,-0.037,0.130,-0.137,0.093,-0.125,0.075,-0.020,0.071,27.65,0.21
1268,1954,9,0.042,0.338,0.072,0.112,-0.142,0.089,-0.128,0.075,-0.018,0.070,27.65,0.21
1269,1954,10,0.429,0.271,0.230,0.094,-0.128,0.088,-0.127,0.073,-0.020,0.071,27.65,0.21
1270,1954,11,0.110,0.316,0.257,0.094,-0.139,0.089,-0.130,0.073,-0.024,0.070,27.65,0.21
1271,1954,12,0.343,0.268,0.274,0.076,-0.166,0.093,-0.151,0.073,-0.023,0.069,27.65,0.21
1272,1955,1,1.010,0.230,0.285,0.083,-0.162,0.091,-0.140,0.071,-0.032,0.068,27.65,0.21
1273,1955,2,1.113,0.230,0.326,0.100,-0.159,0.092,-0.119,0.067,-0.032,0.068,27.65,0.21
1274,1955,3,0.385,0.312,0.312,0.100,-0.128,0.093,-0.128,0.068,-0.027,0.070,27.65,0.21
1275,1955,4,0.662,0.264,0.297,0.120,-0.148,0.097,-0.133,0.067,-0.045,0.071,27.65,0.21
1276,1955,5,1.094,0.340,0.451,0.117,-0.171,0.098,-0.128,0.066,-0.042,0.072,27.65,0.21
1277,1955,6,-0.369,0.442,0.459,0.116,-0.171,0.098,-0.140,0.065,-0.045,0.072,27.65,0.21
1278,1955,7,-0.516,0.266,0.415,0.119,-0.178,0.096,-0.137,0.067,-0.047,0.071,27.65,0.21
1279,1955,8,-0.395,0.343,0.258,0.135,-0.130,0.089,-0.121,0.068,-0.044,0.070,27.65,0.21
1280,1955,9,-0.121,0.330,0.119,0.128,-0.081,0.086,-0.113,0.066,-0.049,0.071,27.65,0.21
1281,1955,10,0.247,0.351,0.010,0.171,-0.086,0.087,-0.102,0.066,-0.050,0.072,27.65,0.21
1282,1955,11,1.962,0.346,-0.036,0.181,-0.076,0.088,-0.099,0.066,-0.055,0.071,27.65,0.21
1283,1955,12,0.440,0.215,0.014,0.173,-0.064,0.086,-0.111,0.064,-0.065,0.070,27.65,0.21
1284,1956,1,0.475,0.374,0.034,0.161,-0.062,0.086,-0.114,0.062,-0.056,0.070,27.65,0.21
1285,1956,2,-0.763,0.573,0.003,0.181,-0.073,0.089,-0.109,0.062,-0.042,0.070,27.65,0.21
1286,1956,3,-1.289,0.349,-0.052,0.176,-0.063,0.091,-0.110,0.064,-0.042,0.069,27.65,0.21
1287,1956,4,-0.643,0.523,-0.063,0.155,-0.055,0.087,-0.107,0.065,-0.038,0.069,27.65,0.21
1288,1956,5,0.537,0.306,-0.251,0.163,-0.084,0.089,-0.089,0.065,-0.034,0.068,27.65,0.21
1289,1956,6,0.230,0.372,-0.381,0.166,-0.092,0.090,-0.091,0.064,-0.029,0.067,27.65,0.21
1290,1956,7,-0.267,0.281,-0.552,0.166,-0.069,0.089,-0.093,0.065,-0.027,0.066,27.65,0.21
1291,1956,8,-0.774,0.476,-0.504,0.129,-0.052,0.090,-0.091,0.065,-0.021,0.066,27.65,0.21
1292,1956,9,-0.774,0.309,-0.352,0.114,-0.036,0.084,-0.083,0.064,-0.021,0.065,27.65,0.21
1293,1956,10,0.105,0.305,-0.349,0.102,0.007,0.080,-0.066,0.061,-0.027,0.064,27.65,0.21
1294,1956,11,-0.293,0.415,-0.500,0.110,-0.012,0.080,-0.064,0.062,-0.034,0.062,27.65,0.21
1295,1956,12,-1.121,0.399,-0.564,0.122,0.008,0.075,-0.050,0.062,-0.029,0.061,27.65,0.21
1296,1957,1,-1.577,0.293,-0.539,0.119,0.021,0.080,-0.021,0.061,-0.026,0.061,27.65,0.21
1297,1957,2,-0.183,0.358,-0.498,0.130,0.028,0.084,-0.019,0.061,-0.028,0.059,27.65,0.21
1298,1957,3,0.529,0.285,-0.413,0.146,0.026,0.085,-0.029,0.058,-0.035,0.059,27.65,0.21
1299,1957,4,-0.605,0.319,-0.522,0.150,0.031,0.084,-0.014,0.058,-0.047,0.061,27.65,0.21
1300,1957,5,-1.278,0.392,-0.537,0.147,0.021,0.082,-0.004,0.057,-0.040,0.061,27.65,0.21
1301,1957,6,-0.534,0.516,-0.461,0.134,0.007,0.083,-0.013,0.057,-0.039,0.061,27.65,0.21
1302,1957,7,0.038,0.441,-0.236,0.128,-0.014,0.084,-0.011,0.056,-0.039,0.058,27.65,0.21
1303,1957,8,-0.288,0.453,-0.079,0.114,-0.001,0.078,-0.008,0.058,-0.038,0.059,27.65,0.21
1304,1957,9,0.254,0.548,-0.019,0.121,-0.017,0.078,0.011,0.057,-0.041,0.060,27.65,0.21
1305,1957,10,-1.202,0.482,0.108,0.138,-0.033,0.079,0.017,0.058,-0.045,0.061,27.65,0.21
1306,1957,11,-0.483,0.395,0.316,0.171,-0.049,0.078,0.009,0.058,-0.045,0.061,27.65,0.21
1307,1957,12,-0.207,0.337,0.347,0.162,-0.051,0.075,0.011,0.059,-0.055,0.061,27.65,0.21
1308,1958,1,1.131,0.477,0.308,0.145,-0.043,0.072,0.016,0.060,-0.059,0.061,27.65,0.21
1309,1958,2,1.702,0.496,0.279,0.163,-0.029,0.070,0.034,0.060,-0.062,0.060,27.65,0.21
1310,1958,3,1.248,0.401,0.295,0.171,-0.028,0.071,0.048,0.061,-0.069,0.059,27.65,0.21
1311,1958,4,0.916,0.289,0.420,0.180,-0.022,0.069,0.037,0.062,-0.066,0.059,27.65,0.21
1312,1958,5,1.220,0.506,0.390,0.171,-0.044,0.069,0.018,0.062,-0.068,0.058,27.65,0.21
1313,1958,6,-0.167,0.643,0.403,0.180,-0.077,0.068,0.023,0.059,-0.069,0.057,27.65,0.21
1314,1958,7,-0.427,0.708,0.351,0.191,-0.108,0.070,0.029,0.058,-0.068,0.058,27.65,0.21
1315,1958,8,-0.633,0.581,0.104,0.193,-0.101,0.072,0.028,0.058,-0.066,0.057,27.65,0.21
1316,1958,9,0.435,0.500,0.001,0.184,-0.069,0.074,0.029,0.058,-0.065,0.058,27.65,0.21
1317,1958,10,0.303,0.232,0.036,0.188,-0.035,0.075,0.025,0.057,-0.062,0.058,27.65,0.21
1318,1958,11,-0.845,0.334,-0.095,0.173,-0.019,0.075,0.023,0.059,-0.060,0.057,27.65,0.21
1319,1958,12,-0.051,0.300,-0.033,0.149,-0.022,0.073,0.017,0.058,-0.054,0.056,27.65,0.21
1320,1959,1,0.513,0.291,0.018,0.107,-0.017,0.075,0.026,0.059,-0.042,0.056,27.65,0.21
1321,1959,2,-1.269,0.407,0.032,0.113,-0.002,0.076,0.058,0.060,-0.023,0.054,27.65,0.21
1322,1959,3,0.011,0.453,-0.010,0.125,0.016,0.073,0.083,0.059,-0.007,0.055,27.65,0.21
1323,1959,4,1.338,0.412,0.022,0.115,0.017,0.069,0.083,0.056,-0.013,0.054,27.65,0.21
1324,1959,5,-0.346,0.215,0.051,0.117,0.027,0.066,0.088,0.061,-0.008,0.054,27.65,0.21
1325,1959,6,0.578,0.373,0.018,0.127,0.068,0.069,0.093,0.058,-0.010,0.052,27.65,0.21
1326,1959,7,0.175,0.375,-0.049,0.133,0.109,0.071,0.098,0.064,-0.010,0.053,27.65,0.21
1327,1959,8,-0.458,0.455,0.215,0.141,0.099,0.070,0.100,0.065,-0.012,0.054,27.65,0.21
1328,1959,9,-0.072,0.404,0.168,0.172,0.084,0.068,0.099,0.067,-0.016,0.053,27.65,0.21
1329,1959,10,0.692,0.288,0.031,0.151,0.099,0.067,0.096,0.068,-0.025,0.051,27.65,0.21
1330,1959,11,-0.494,0.332,0.069,0.167,0.132,0.067,0.092,0.067,-0.021,0.051,27.65,0.21
1331,1959,12,-0.459,0.350,-0.020,0.161,0.139,0.063,0.087,0.067,-0.029,0.051,27.65,0.21
1332,1960,1,-0.287,0.306,-0.037,0.135,0.141,0.063,0.060,0.067,-0.017,0.051,27.65,0.21
1333,1960,2,1.896,0.762,0.038,0.149,0.143,0.063,0.052,0.066,-0.008,0.050,27.65,0.21
1334,1960,3,-0.553,0.266,0.039,0.157,0.149,0.060,0.059,0.068,-0.008,0.051,27.65,0.21
1335,1960,4,-0.301,0.324,0.032,0.145,0.181,0.065,0.045,0.069,-0.006,0.052,27.65,0.21
1336,1960,5,0.116,0.337,0.127,0.169,0.189,0.066,0.040,0.069,-0.002,0.052,27.65,0.21
1337,1960,6,-0.500,0.575,0.037,0.161,0.194,0.070,0.040,0.069,-0.003,0.052,27.65,0.21
1338,1960,7,-0.030,0.301,-0.053,0.156,0.209,0.073,0.041,0.068,0.001,0.054,27.65,0.21
1339,1960,8,0.453,0.400,-0.242,0.133,0.199,0.073,0.040,0.067,0.008,0.055,27.65,0.21
1340,1960,9,-0.062,0.280,-0.144,0.130,0.176,0.076,0.031,0.065,0.013,0.054,27.65,0.21
1341,1960,10,0.601,0.286,-0.003,0.137,0.160,0.080,0.028,0.062,0.017,0.055,27.65,0.21
1342,1960,11,0.649,0.365,0.115,0.139,0.112,0.077,0.011,0.061,0.020,0.056,27.65,0.21
1343,1960,12,-1.543,0.559,0.159,0.150,0.110,0.073,0.003,0.062,0.021,0.056,27.65,0.21
1344,1961,1,-1.359,0.316,0.163,0.146,0.120,0.067,0.008,0.062,0.026,0.058,27.65,0.21
1345,1961,2,-0.368,0.273,0.140,0.144,0.128,0.064,0.031,0.064,0.028,0.059,27.65,0.21
1346,1961,3,0.622,0.431,0.171,0.126,0.122,0.060,0.043,0.064,0.019,0.060,27.65,0.21
1347,1961,4,1.386,0.361,0.134,0.125,0.106,0.060,0.060,0.066,0.013,0.059,27.65,0.21
1348,1961,5,1.530,0.382,0.102,0.110,0.130,0.063,0.062,0.069,0.006,0.059,27.65,0.21
1349,1961,6,0.026,0.324,0.343,0.107,0.126,0.062,0.067,0.070,0.004,0.059,27.65,0.21
1350,1961,7,0.024,0.615,0.530,0.117,0.120,0.061,0.072,0.067,0.003,0.058,27.65,0.21
1351,1961,8,0.171,0.309,0.499,0.116,0.168,0.067,0.085,0.067,0.002,0.057,27.65,0.21
1352,1961,9,0.313,0.277,0.415,0.093,0.201,0.068,0.091,0.066,0.004,0.055,27.65,0.21
1353,1961,10,0.154,0.367,0.324,0.094,0.159,0.066,0.082,0.067,0.014,0.056,27.65,0.21
1354,1961,11,0.268,0.315,0.253,0.103,0.187,0.077,0.077,0.065,0.011,0.056,27.65,0.21
1355,1961,12,1.351,0.241,0.242,0.090,0.178,0.075,0.093,0.066,0.014,0.056,27.65,0.21
1356,1962,1,0.885,0.246,0.253,0.098,0.174,0.083,0.106,0.068,0.022,0.056,27.65,0.21
1357,1962,2,-0.741,0.333,0.224,0.104,0.171,0.081,0.102,0.068,0.021,0.055,27.65,0.21
1358,1962,3,-0.393,0.327,0.253,0.103,0.172,0.084,0.098,0.071,0.012,0.054,27.65,0.21
1359,1962,4,0.293,0.371,0.300,0.095,0.161,0.084,0.094,0.069,0.015,0.054,27.65,0.21
1360,1962,5,0.681,0.211,0.273,0.098,0.162,0.085,0.112,0.069,0.011,0.055,27.65,0.21
1361,1962,6,-0.099,0.475,0.169,0.097,0.167,0.080,0.118,0.068,0.002,0.054,27.65,0.21
1362,1962,7,0.150,0.450,0.266,0.090,0.135,0.078,0.115,0.067,0.004,0.054,27.65,0.21
1363,1962,8,-0.181,0.480,0.417,0.091,0.106,0.075,0.115,0.068,0.009,0.054,27.65,0.21
1364,1962,9,0.664,0.295,0.439,0.093,0.134,0.076,0.107,0.068,0.015,0.052,27.65,0.21
1365,1962,10,0.717,0.434,0.412,0.108,0.122,0.077,0.115,0.069,0.023,0.052,27.65,0.21
1366,1962,11,-0.051,0.310,0.217,0.130,0.128,0.079,0.119,0.068,0.017,0.053,27.65,0.21
1367,1962,12,0.101,0.325,0.200,0.132,0.131,0.085,0.101,0.068,0.013,0.053,27.65,0.21
1368,1963,1,2.049,0.253,0.202,0.144,0.125,0.082,0.077,0.071,0.002,0.053,27.65,0.21
1369,1963,2,1.072,0.239,0.208,0.125,0.109,0.081,0.060,0.071,0.003,0.053,27.65,0.21
1370,1963,3,-0.121,0.363,0.158,0.130,0.091,0.076,0.040,0.071,0.011,0.053,27.65,0.21
1371,1963,4,-0.030,0.452,0.041,0.151,0.077,0.073,0.029,0.070,0.011,0.053,27.65,0.21
1372,1963,5,-1.668,0.385,0.098,0.155,0.066,0.073,0.013,0.068,0.017,0.054,27.65,0.21
1373,1963,6,-0.295,0.363,0.065,0.133,0.083,0.075,0.013,0.066,0.023,0.054,27.65,0.21
1374,1963,7,0.172,0.403,-0.094,0.132,0.124,0.076,0.018,0.064,0.026,0.053,27.65,0.21
1375,1963,8,-0.115,0.256,-0.051,0.157,0.164,0.077,0.026,0.063,0.028,0.053,27.65,0.21
1376,1963,9,0.069,0.318,0.129,0.147,0.156,0.074,0.028,0.063,0.032,0.053,27.65,0.21
1377,1963,10,-0.691,0.451,0.029,0.127,0.155,0.076,0.031,0.065,0.033,0.053,27.65,0.21
1378,1963,11,0.635,0.365,0.282,0.176,0.142,0.081,0.040,0.064,0.032,0.053,27.65,0.21
1379,1963,12,-0.297,0.220,0.309,0.175,0.156,0.082,0.049,0.063,0.020,0.053,27.65,0.21
1380,1964,1,0.143,0.308,0.290,0.207,0.161,0.072,0.062,0.062,0.018,0.054,27.65,0.21
1381,1964,2,1.586,0.466,0.246,0.210,0.172,0.073,0.098,0.062,0.020,0.055,27.65,0.21
1382,1964,3,2.039,0.327,0.241,0.232,0.166,0.072,0.122,0.064,0.012,0.054,27.65,0.21
1383,1964,4,-1.231,0.300,0.301,0.238,0.147,0.076,0.099,0.062,0.009,0.053,27.65,0.21
1384,1964,5,1.369,1.044,0.212,0.233,0.127,0.074,0.106,0.062,0.006,0.054,27.65,0.21
1385,1964,6,0.026,0.466,0.222,0.235,0.118,0.073,0.101,0.059,0.012,0.054,27.65,0.21
1386,1964,7,-0.059,0.776,0.027,0.231,0.104,0.076,0.099,0.060,0.014,0.053,27.65,0.21
1387,1964,8,-0.637,0.535,-0.094,0.219,0.104,0.077,0.101,0.059,0.019,0.054,27.65,0.21
1388,1964,9,0.010,0.436,-0.169,0.225,0.112,0.085,0.095,0.059,0.019,0.054,27.65,0.21
1389,1964,10,0.024,0.362,-0.150,0.222,0.090,0.082,0.078,0.057,0.013,0.055,27.65,0.21
1390,1964,11,-0.431,0.314,-0.225,0.192,0.093,0.083,0.088,0.057,0.013,0.055,27.65,0.21
1391,1964,12,-0.171,0.377,-0.257,0.209,0.096,0.086,0.093,0.056,0.012,0.055,27.65,0.21
1392,1965,1,-2.205,0.287,-0.283,0.165,0.090,0.085,0.106,0.055,0.007,0.055,27.65,0.21
1393,1965,2,0.140,0.376,-0.271,0.144,0.087,0.086,0.104,0.055,-0.000,0.056,27.65,0.21
1394,1965,3,1.144,0.365,-0.368,0.113,0.065,0.093,0.112,0.055,-0.004,0.056,27.65,0.21
1395,1965,4,-1.011,0.261,-0.389,0.107,0.048,0.092,0.122,0.058,-0.011,0.056,27.65,0.21
1396,1965,5,0.472,0.392,-0.355,0.111,0.049,0.092,0.124,0.058,-0.023,0.056,27.65,0.21
1397,1965,6,-0.362,0.375,-0.383,0.102,0.009,0.090,0.134,0.060,-0.022,0.057,27.65,0.21
1398,1965,7,-0.372,0.338,-0.110,0.083,-0.055,0.091,0.138,0.061,-0.022,0.057,27.65,0.21
1399,1965,8,-0.488,0.284,0.048,0.095,-0.078,0.093,0.137,0.063,-0.020,0.055,27.65,0.21
1400,1965,9,-1.159,0.491,-0.034,0.097,-0.096,0.092,0.138,0.063,-0.019,0.056,27.65,0.21
1401,1965,10,-0.223,0.399,0.162,0.135,-0.101,0.092,0.137,0.063,-0.017,0.057,27.65,0.21
1402,1965,11,-0.031,0.402,0.184,0.173,-0.085,0.093,0.140,0.064,-0.035,0.057,27.65,0.21
1403,1965,12,-0.506,0.317,0.285,0.194,-0.084,0.096,0.153,0.066,-0.029,0.057,27.65,0.21
1404,1966,1,1.070,0.332,0.343,0.181,-0.084,0.097,0.165,0.069,-0.041,0.058,27.65,0.21
1405,1966,2,2.039,0.500,0.455,0.195,-0.076,0.095,0.165,0.072,-0.048,0.057,27.65,0.21
1406,1966,3,0.164,0.313,0.546,0.204,-0.065,0.100,0.148,0.072,-0.051,0.057,27.65,0.21
1407,1966,4,1.341,0.664,0.482,0.206,-0.044,0.103,0.133,0.070,-0.051,0.056,27.65,0.21
1408,1966,5,0.735,0.649,0.409,0.197,-0.051,0.099,0.101,0.071,-0.062,0.055,27.65,0.21
1409,1966,6,0.851,0.453,0.515,0.216,-0.027,0.100,0.100,0.073,-0.064,0.055,27.65,0.21
1410,1966,7,0.325,0.576,0.430,0.187,0.003,0.099,0.100,0.071,-0.065,0.056,27.65,0.21
1411,1966,8,0.852,0.312,0.199,0.154,0.028,0.096,0.096,0.071,-0.060,0.056,27.65,0.21
1412,1966,9,-0.067,0.337,0.195,0.169,0.043,0.097,0.090,0.069,-0.056,0.056,27.65,0.21
1413,1966,10,-0.994,0.285,-0.006,0.122,0.040,0.094,0.095,0.070,-0.060,0.056,27.65,0.21
1414,1966,11,-0.907,0.340,0.005,0.098,0.026,0.092,0.086,0.070,-0.062,0.056,27.65,0.21
1415,1966,12,0.768,0.409,-0.056,0.103,0.023,0.088,0.077,0.070,-0.057,0.056,27.65,0.21
1416,1967,1,0.049,0.419,-0.103,0.113,0.025,0.089,0.065,0.072,-0.048,0.057,27.65,0.21
1417,1967,2,-0.731,0.303,-0.205,0.120,0.030,0.089,0.061,0.071,-0.046,0.058,27.65,0.21
1418,1967,3,0.117,0.511,-0.252,0.136,0.018,0.088,0.053,0.072,-0.043,0.059,27.65,0.21
1419,1967,4,-1.069,0.320,-0.196,0.131,-0.006,0.088,0.045,0.074,-0.035,0.060,27.65,0.21
1420,1967,5,0.865,0.408,-0.120,0.135,0.015,0.087,0.027,0.074,-0.034,0.062,27.65,0.21
1421,1967,6,0.123,0.467,-0.373,0.157,0.018,0.088,0.016,0.075,-0.030,0.062,27.65,0.21
1422,1967,7,-0.243,0.503,-0.527,0.155,0.077,0.090,0.019,0.076,-0.030,0.060,27.65,0.21
1423,1967,8,-0.366,0.724,-0.491,0.172,0.102,0.090,0.026,0.074,-0.028,0.059,27.65,0.21
1424,1967,9,-0.632,0.403,-0.603,0.169,0.090,0.094,0.020,0.074,-0.028,0.058,27.65,0.21
1425,1967,10,-0.328,0.207,-0.540,0.165,0.121,0.102,0.028,0.075,-0.021,0.057,27.65,0.21
1426,1967,11,0.012,0.290,-0.673,0.141,0.120,0.106,0.026,0.077,-0.020,0.057,27.65,0.21
1427,1967,12,-2.267,0.266,-0.703,0.123,0.137,0.112,0.015,0.076,-0.011,0.057,27.65,0.21
1428,1968,1,-1.807,0.249,-0.666,0.111,0.151,0.110,-0.011,0.077,-0.012,0.057,27.65,0.21
1429,1968,2,-0.295,0.366,-0.605,0.134,0.164,0.114,-0.028,0.078,-0.012,0.058,27.65,0.21
1430,1968,3,-1.224,0.359,-0.494,0.132,0.186,0.108,-0.025,0.077,-0.017,0.057,27.65,0.21
1431,1968,4,-0.317,0.341,-0.416,0.134,0.197,0.107,-0.016,0.079,-0.022,0.057,27.65,0.21
1432,1968,5,-0.725,0.269,-0.400,0.133,0.213,0.103,0.017,0.082,-0.027,0.056,27.65,0.21
1433,1968,6,-0.237,0.272,-0.117,0.138,0.223,0.106,0.022,0.084,-0.029,0.056,27.65,0.21
1434,1968,7,0.200,0.394,0.198,0.138,0.207,0.110,0.024,0.085,-0.026,0.056,27.65,0.21
1435,1968,8,0.364,0.303,0.480,0.134,0.166,0.110,0.029,0.085,-0.021,0.057,27.65,0.21
1436,1968,9,0.698,0.546,0.826,0.148,0.139,0.109,0.035,0.085,-0.021,0.058,27.65,0.21
1437,1968,10,0.606,0.492,0.735,0.147,0.110,0.110,0.040,0.086,-0.022,0.058,27.65,0.21
1438,1968,11,0.211,0.393,0.837,0.169,0.060,0.113,0.041,0.085,-0.020,0.058,27.65,0.21
1439,1968,12,1.118,0.311,0.848,0.189,0.044,0.116,0.023,0.086,-0.015,0.058,27.65,0.21
1440,1969,1,1.985,0.287,0.833,0.197,0.038,0.120,0.009,0.087,-0.006,0.059,27.65,0.21
1441,1969,2,3.086,0.304,0.775,0.191,0.019,0.120,-0.019,0.087,0.002,0.059,27.65,0.21
1442,1969,3,2.921,0.326,0.657,0.196,0.014,0.122,-0.058,0.087,0.003,0.058,27.65,0.21
1443,1969,4,-1.408,0.380,0.489,0.221,0.043,0.123,-0.065,0.087,0.001,0.059,27.65,0.21
1444,1969,5,0.501,0.344,0.539,0.200,0.044,0.123,-0.075,0.089,0.007,0.058,27.65,0.21
1445,1969,6,-0.108,0.623,0.448,0.205,0.036,0.129,-0.069,0.088,0.007,0.059,27.65,0.21
1446,1969,7,0.025,0.374,0.393,0.200,0.027,0.130,-0.069,0.088,0.008,0.058,27.65,0.21
1447,1969,8,-0.336,0.288,0.274,0.202,0.018,0.129,-0.062,0.088,0.014,0.058,27.65,0.21
1448,1969,9,-0.715,0.384,0.067,0.199,-0.007,0.124,-0.060,0.088,0.017,0.058,27.65,0.21
1449,1969,10,-1.411,0.423,0.256,0.206,-0.000,0.125,-0.070,0.089,0.015,0.058,27.65,0.21
1450,1969,11,0.806,0.359,0.247,0.194,-0.039,0.124,-0.065,0.089,0.017,0.058,27.65,0.21
1451,1969,12,0.034,0.398,0.312,0.198,-0.064,0.123,-0.063,0.089,0.023,0.058,27.65,0.21
1452,1970,1,1.325,0.312,0.349,0.190,-0.052,0.124,-0.047,0.089,0.030,0.058,27.65,0.21
1453,1970,2,1.655,0.347,0.402,0.198,-0.035,0.128,-0.053,0.089,0.023,0.058,27.65,0.21
1454,1970,3,0.436,0.327,0.471,0.202,-0.026,0.130,-0.067,0.091,0.029,0.057,27.65,0.21
1455,1970,4,0.860,0.540,0.626,0.217,0.009,0.132,-0.067,0.093,0.040,0.059,27.65,0.21
1456,1970,5,0.398,0.191,0.638,0.206,0.003,0.132,-0.086,0.095,0.037,0.059,27.65,0.21
1457,1970,6,0.666,0.381,0.642,0.205,0.022,0.131,-0.084,0.097,0.043,0.059,27.65,0.21
1458,1970,7,0.470,0.488,0.539,0.215,0.033,0.128,-0.086,0.096,0.047,0.058,27.65,0.21
1459,1970,8,0.297,0.343,0.370,0.255,0.021,0.127,-0.080,0.094,0.048,0.059,27.65,0.21
1460,1970,9,0.112,0.327,0.211,0.243,0.046,0.124,-0.069,0.092,0.053,0.058,27.65,0.21
1461,1970,10,0.454,0.219,0.105,0.196,0.069,0.125,-0.061,0.092,0.053,0.059,27.65,0.21
1462,1970,11,0.952,0.245,-0.118,0.190,0.120,0.125,-0.080,0.090,0.051,0.060,27.65,0.21
1463,1970,12,0.079,0.238,-0.180,0.193,0.129,0.124,-0.062,0.090,0.056,0.060,27.65,0.21
1464,1971,1,0.093,0.465,-0.222,0.182,0.131,0.126,-0.091,0.092,0.060,0.061,27.65,0.21
1465,1971,2,-0.375,0.561,-0.272,0.170,0.134,0.125,-0.127,0.092,0.059,0.060,27.65,0.21
1466,1971,3,-1.479,0.357,-0.312,0.167,0.136,0.127,-0.145,0.090,0.065,0.060,27.65,0.21
1467,1971,4,-0.406,0.483,-0.290,0.170,0.123,0.125,-0.163,0.091,0.064,0.060,27.65,0.21
1468,1971,5,-2.274,0.395,-0.438,0.179,0.132,0.124,-0.185,0.091,0.060,0.061,27.65,0.21
1469,1971,6,-0.087,0.442,-0.421,0.188,0.073,0.121,-0.195,0.093,0.063,0.058,27.65,0.21
1470,1971,7,-0.032,0.317,-0.469,0.193,0.015,0.120,-0.201,0.096,0.066,0.059,27.65,0.21
1471,1971,8,-0.306,0.326,-0.545,0.192,-0.066,0.117,-0.206,0.097,0.067,0.058,27.65,0.21
1472,1971,9,-0.366,0.375,-0.534,0.180,-0.159,0.114,-0.204,0.099,0.068,0.060,27.65,0.21
1473,1971,10,0.722,0.419,-0.558,0.158,-0.171,0.115,-0.202,0.100,0.075,0.060,27.65,0.21
1474,1971,11,-0.819,0.408,-0.492,0.142,-0.175,0.113,-0.202,0.099,0.081,0.059,27.65,0.21
1475,1971,12,0.278,0.261,-0.595,0.136,-0.161,0.111,-0.206,0.100,0.083,0.060,27.65,0.21
1476,1972,1,-0.488,0.224,-0.552,0.122,-0.164,0.110,-0.202,0.101,0.077,0.061,27.65,0.21
1477,1972,2,-1.278,0.211,-0.475,0.119,-0.154,0.106,-0.194,0.102,0.078,0.061,27.65,0.21
1478,1972,3,-1.350,0.300,-0.450,0.124,-0.139,0.108,-0.183,0.101,0.081,0.061,27.65,0.21
1479,1972,4,-0.697,0.295,-0.366,0.149,-0.133,0.111,-0.164,0.102,0.081,0.061,27.65,0.21
1480,1972,5,-1.476,0.252,-0.326,0.130,-0.145,0.110,-0.180,0.105,0.079,0.061,27.65,0.21
1481,1972,6,-1.325,0.516,-0.444,0.128,-0.144,0.109,-0.178,0.105,0.082,0.060,27.65,0.21
1482,1972,7,0.484,0.425,-0.497,0.113,-0.171,0.110,-0.176,0.107,0.086,0.060,27.65,0.21
1483,1972,8,0.616,0.234,-0.474,0.122,-0.207,0.112,-0.172,0.110,0.089,0.061,27.65,0.21
1484,1972,9,-0.062,0.597,-0.338,0.113,-0.224,0.113,-0.163,0.110,0.090,0.061,27.65,0.21
1485,1972,10,1.721,0.394,-0.193,0.122,-0.256,0.112,-0.157,0.110,0.085,0.062,27.65,0.21
1486,1972,11,-0.333,0.272,0.122,0.129,-0.293,0.114,-0.159,0.109,0.084,0.062,27.65,0.21
1487,1972,12,-1.143,0.207,0.258,0.120,-0.306,0.110,-0.124,0.109,0.077,0.062,27.65,0.21
1488,1973,1,-1.115,0.331,0.248,0.123,-0.323,0.108,-0.101,0.110,0.068,0.062,27.65,0.21
1489,1973,2,-1.011,0.291,0.241,0.121,-0.325,0.103,-0.084,0.108,0.067,0.063,27.65,0.21
1490,1973,3,0.281,0.365,0.314,0.111,-0.324,0.101,-0.073,0.107,0.078,0.064,27.65,0.21
1491,1973,4,1.044,0.497,0.158,0.103,-0.319,0.103,-0.074,0.106,0.087,0.065,27.65,0.21
1492,1973,5,2.312,0.362,0.248,0.104,-0.373,0.104,-0.068,0.106,0.100,0.066,27.65,0.21
1493,1973,6,0.306,0.249,0.138,0.113,-0.347,0.102,-0.071,0.105,0.107,0.066,27.65,0.21
1494,1973,7,0.363,0.436,0.111,0.129,-0.388,0.101,-0.071,0.106,0.112,0.066,27.65,0.21
1495,1973,8,0.526,0.313,0.047,0.152,-0.421,0.099,-0.069,0.106,0.117,0.066,27.65,0.21
1496,1973,9,0.821,0.246,-0.200,0.127,-0.429,0.098,-0.071,0.107,0.125,0.066,27.65,0.21
1497,1973,10,-0.149,0.232,-0.463,0.112,-0.435,0.100,-0.076,0.107,0.136,0.066,27.65,0.21
1498,1973,11,0.740,0.277,-0.637,0.110,-0.431,0.097,-0.080,0.106,0.142,0.066,27.65,0.21
1499,1973,12,-2.457,0.336,-0.600,0.118,-0.435,0.095,-0.079,0.106,0.145,0.065,27.65,0.21
1500,1974,1,-1.449,0.400,-0.641,0.143,-0.440,0.099,-0.074,0.107,0.140,0.065,27.65,0.21
1501,1974,2,-1.778,0.456,-0.663,0.159,-0.431,0.105,-0.094,0.107,0.131,0.064,27.65,0.21
1502,1974,3,-2.682,0.241,-0.717,0.146,-0.422,0.104,-0.116,0.106,0.124,0.063,27.65,0.21
1503,1974,4,-2.111,0.341,-0.793,0.149,-0.446,0.103,-0.097,0.105,0.137,0.064,27.65,0.21
1504,1974,5,0.223,0.369,-0.850,0.162,-0.447,0.102,-0.093,0.104,0.132,0.067,27.65,0.21
1505,1974,6,0.749,0.319,-0.633,0.158,-0.448,0.101,-0.087,0.101,0.133,0.065,27.65,0.21
1506,1974,7,-0.122,0.368,-0.538,0.157,-0.430,0.102,-0.083,0.100,0.136,0.066,27.65,0.21
1507,1974,8,0.256,0.391,-0.435,0.157,-0.406,0.106,-0.072,0.098,0.143,0.066,27.65,0.21
1508,1974,9,0.178,0.349,-0.257,0.177,-0.360,0.111,-0.060,0.096,0.148,0.065,27.65,0.21
1509,1974,10,-1.067,0.324,-0.169,0.184,-0.327,0.113,-0.047,0.095,0.150,0.065,27.65,0.21
1510,1974,11,0.064,0.338,-0.340,0.184,-0.320,0.116,-0.054,0.093,0.151,0.064,27.65,0.21
1511,1974,12,0.143,0.317,-0.414,0.174,-0.293,0.119,-0.046,0.091,0.153,0.065,27.65,0.21
1512,1975,1,-0.314,0.345,-0.448,0.175,-0.301,0.121,-0.046,0.089,0.160,0.063,27.65,0.21
1513,1975,2,-0.534,0.294,-0.456,0.161,-0.308,0.121,-0.059,0.088,0.168,0.064,27.65,0.21
1514,1975,3,-0.550,0.551,-0.458,0.158,-0.301,0.121,-0.055,0.085,0.163,0.064,27.65,0.21
1515,1975,4,-1.049,0.406,-0.305,0.168,-0.322,0.121,-0.042,0.085,0.167,0.064,27.65,0.21
1516,1975,5,-1.828,0.465,-0.502,0.164,-0.321,0.120,-0.049,0.084,0.163,0.065,27.65,0.21
1517,1975,6,-0.146,0.333,-0.374,0.157,-0.269,0.123,-0.048,0.082,0.170,0.065,27.65,0.21
1518,1975,7,-0.526,0.304,-0.547,0.147,-0.235,0.123,-0.044,0.082,0.171,0.064,27.65,0.21
1519,1975,8,0.152,0.316,-0.699,0.161,-0.190,0.119,-0.040,0.084,0.176,0.063,27.65,0.21
1520,1975,9,0.164,0.357,-0.817,0.148,-0.192,0.117,-0.033,0.082,0.184,0.062,27.65,0.21
1521,1975,10,0.762,0.466,-0.793,0.144,-0.216,0.111,-0.032,0.083,0.191,0.060,27.65,0.21
1522,1975,11,-2.299,0.338,-0.807,0.134,-0.255,0.110,-0.038,0.082,0.194,0.060,27.65,0.21
1523,1975,12,1.687,0.203,-0.824,0.145,-0.270,0.110,-0.042,0.082,0.195,0.059,27.65,0.21
1524,1976,1,-2.401,0.302,-0.809,0.172,-0.273,0.113,-0.046,0.083,0.184,0.060,27.65,0.21
1525,1976,2,-2.352,0.639,-0.801,0.229,-0.272,0.117,-0.048,0.081,0.175,0.059,27.65,0.21
1526,1976,3,-1.966,0.367,-0.800,0.243,-0.279,0.119,-0.018,0.079,0.171,0.056,27.65,0.21
1527,1976,4,-0.767,0.438,-0.922,0.259,-0.275,0.119,-0.006,0.078,0.169,0.055,27.65,0.21
1528,1976,5,-1.990,0.336,-0.805,0.236,-0.292,0.118,0.018,0.076,0.172,0.054,27.65,0.21
1529,1976,6,-0.348,0.569,-0.929,0.239,-0.230,0.119,0.027,0.070,0.170,0.052,27.65,0.21
1530,1976,7,-0.348,0.728,-0.679,0.241,-0.164,0.118,0.033,0.071,0.168,0.052,27.65,0.21
1531,1976,8,0.244,0.666,-0.471,0.215,-0.122,0.119,0.039,0.069,0.169,0.052,27.65,0.21
1532,1976,9,0.171,0.433,-0.187,0.213,-0.074,0.117,0.047,0.071,0.170,0.052,27.65,0.21
1533,1976,10,-0.702,0.501,-0.016,0.196,-0.023,0.115,0.055,0.071,0.175,0.051,27.65,0.21
1534,1976,11,-0.895,0.493,0.059,0.231,-0.010,0.117,0.076,0.068,0.174,0.051,27.65,0.21
1535,1976,12,0.199,0.274,0.116,0.221,-0.014,0.114,0.088,0.069,0.169,0.051,27.65,0.21
1536,1977,1,0.603,0.257,0.146,0.192,-0.003,0.110,0.088,0.071,0.174,0.051,27.65,0.21
1537,1977,2,0.145,0.526,0.139,0.161,0.009,0.112,0.095,0.071,0.181,0.050,27.65,0.21
1538,1977,3,1.448,0.532,0.157,0.155,0.018,0.106,0.110,0.070,0.186,0.050,27.65,0.21
1539,1977,4,1.276,0.361,0.255,0.147,0.039,0.103,0.117,0.070,0.204,0.050,27.65,0.21
1540,1977,5,-1.083,0.538,0.302,0.145,0.038,0.100,0.131,0.068,0.211,0.051,27.65,0.21
1541,1977,6,0.337,0.193,0.452,0.142,0.051,0.095,0.147,0.068,0.216,0.051,27.65,0.21
1542,1977,7,0.008,0.780,0.478,0.148,0.078,0.091,0.154,0.068,0.222,0.054,27.65,0.21
1543,1977,8,0.167,0.343,0.610,0.129,0.090,0.092,0.152,0.070,0.228,0.054,27.65,0.21
1544,1977,9,0.378,0.406,0.501,0.126,0.114,0.087,0.161,0.068,0.237,0.055,27.65,0.21
1545,1977,10,0.474,0.552,0.361,0.140,0.172,0.087,0.142,0.070,0.244,0.055,27.65,0.21
1546,1977,11,-0.325,0.383,0.447,0.143,0.194,0.083,0.142,0.071,0.252,0.054,27.65,0.21
1547,1977,12,1.992,0.339,0.373,0.140,0.211,0.085,0.139,0.072,0.270,0.054,27.65,0.21
1548,1978,1,0.916,0.365,0.386,0.093,0.235,0.087,0.146,0.072,0.274,0.054,27.65,0.21
1549,1978,2,1.726,0.336,0.419,0.101,0.245,0.095,0.162,0.071,0.279,0.053,27.65,0.21
1550,1978,3,0.142,0.239,0.425,0.097,0.259,0.097,0.181,0.073,0.290,0.052,27.65,0.21
1551,1978,4,-0.397,0.259,0.392,0.106,0.255,0.099,0.190,0.071,0.297,0.053,27.65,0.21
1552,1978,5,-0.054,0.322,0.394,0.104,0.298,0.098,0.184,0.071,0.302,0.051,27.65,0.21
1553,1978,6,-0.552,0.370,0.335,0.102,0.263,0.098,0.192,0.071,0.304,0.051,27.65,0.21
1554,1978,7,0.167,0.245,0.466,0.106,0.297,0.097,0.200,0.070,0.307,0.051,27.65,0.21
1555,1978,8,0.564,0.310,0.383,0.118,0.326,0.087,0.205,0.071,0.305,0.049,27.65,0.21
1556,1978,9,0.448,0.444,0.392,0.115,0.394,0.085,0.215,0.071,0.304,0.049,27.65,0.21
1557,1978,10,0.074,0.198,0.503,0.108,0.424,0.082,0.233,0.071,0.306,0.048,27.65,0.21
1558,1978,11,-0.301,0.236,0.592,0.119,0.467,0.083,0.244,0.069,0.308,0.047,27.65,0.21
1559,1978,12,1.289,0.298,0.680,0.108,0.488,0.082,0.267,0.069,0.299,0.047,27.65,0.21
1560,1979,1,2.484,0.256,0.709,0.094,0.505,0.075,0.271,0.071,0.289,0.047,27.65,0.21
1561,1979,2,0.730,0.350,0.745,0.079,0.508,0.068,0.281,0.070,0.278,0.047,27.65,0.21
1562,1979,3,0.246,0.207,0.766,0.062,0.515,0.067,0.307,0.069,0.267,0.047,27.65,0.21
1563,1979,4,0.945,0.373,0.774,0.065,0.555,0.059,0.340,0.070,0.272,0.048,27.65,0.21
1564,1979,5,1.006,0.544,0.803,0.063,0.598,0.061,0.339,0.073,0.276,0.048,27.65,0.21
1565,1979,6,0.504,0.482,0.773,0.078,0.625,0.065,0.336,0.073,0.278,0.048,27.65,0.21
1566,1979,7,0.514,0.289,0.673,0.094,0.606,0.068,0.341,0.074,0.280,0.048,27.65,0.21
1567,1979,8,1.004,0.253,0.629,0.103,0.596,0.072,0.348,0.074,0.283,0.048,27.65,0.21
1568,1979,9,0.693,0.556,0.679,0.112,0.579,0.075,0.357,0.074,0.291,0.047,27.65,0.21
1569,1979,10,0.176,0.242,0.804,0.100,0.561,0.075,0.369,0.072,0.305,0.046,27.65,0.21
1570,1979,11,0.040,0.253,0.678,0.122,0.583,0.076,0.368,0.072,0.308,0.047,27.65,0.21
1571,1979,12,0.928,0.295,0.710,0.134,0.587,0.078,0.369,0.074,0.320,0.047,27.65,0.21
1572,1980,1,1.293,0.325,0.744,0.131,0.608,0.072,0.366,0.073,0.311,0.046,27.65,0.21
1573,1980,2,0.200,0.420,0.721,0.148,0.612,0.078,0.389,0.074,0.313,0.044,27.65,0.21
1574,1980,3,0.842,0.338,0.747,0.152,0.622,0.075,0.393,0.073,0.325,0.044,27.65,0.21
1575,1980,4,2.452,0.417,0.779,0.156,0.606,0.071,0.401,0.072,0.325,0.046,27.65,0.21
1576,1980,5,-0.508,0.354,0.797,0.161,0.606,0.078,0.413,0.070,0.327,0.045,27.65,0.21
1577,1980,6,0.880,0.307,0.683,0.174,0.546,0.087,0.424,0.069,0.328,0.044,27.65,0.21
1578,1980,7,0.930,0.300,0.547,0.153,0.528,0.080,0.428,0.071,0.329,0.044,27.65,0.21
1579,1980,8,0.723,0.515,0.477,0.136,0.514,0.085,0.433,0.070,0.332,0.046,27.65,0.21
1580,1980,9,1.012,0.208,0.585,0.141,0.553,0.090,0.438,0.070,0.337,0.047,27.65,0.21
1581,1980,10,0.554,0.256,0.468,0.150,0.597,0.088,0.444,0.071,0.343,0.045,27.65,0.21
1582,1980,11,0.258,0.272,0.558,0.154,0.623,0.083,0.467,0.070,0.341,0.046,27.65,0.21
1583,1980,12,-0.439,0.245,0.561,0.197,0.654,0.084,0.452,0.069,0.343,0.044,27.65,0.21
1584,1981,1,-0.340,0.494,0.541,0.193,0.673,0.086,0.458,0.070,0.349,0.044,27.65,0.21
1585,1981,2,-0.636,0.336,0.517,0.181,0.683,0.085,0.477,0.066,0.347,0.044,27.65,0.21
1586,1981,3,2.133,0.467,0.482,0.188,0.709,0.087,0.487,0.065,0.352,0.045,27.65,0.21
1587,1981,4,1.043,0.627,0.574,0.190,0.740,0.086,0.501,0.062,0.356,0.044,27.65,0.21
1588,1981,5,0.580,0.382,0.697,0.170,0.780,0.090,0.529,0.063,0.364,0.043,27.65,0.21
1589,1981,6,0.918,0.974,0.883,0.192,0.765,0.090,0.535,0.062,0.369,0.043,27.65,0.21
1590,1981,7,0.685,0.394,0.867,0.214,0.707,0.090,0.538,0.060,0.373,0.043,27.65,0.21
1591,1981,8,0.436,0.394,0.881,0.245,0.684,0.092,0.544,0.058,0.379,0.042,27.65,0.21
1592,1981,9,0.598,0.727,0.740,0.219,0.687,0.091,0.545,0.058,0.384,0.041,27.65,0.21
1593,1981,10,1.656,0.394,0.670,0.184,0.703,0.094,0.552,0.054,0.381,0.042,27.65,0.21
1594,1981,11,1.726,0.295,0.640,0.184,0.688,0.095,0.549,0.055,0.388,0.042,27.65,0.21
1595,1981,12,1.803,0.518,0.614,0.167,0.685,0.095,0.545,0.056,0.393,0.043,27.65,0.21
1596,1982,1,-0.543,0.465,0.659,0.157,0.685,0.096,0.549,0.056,0.397,0.042,27.65,0.21
1597,1982,2,-0.465,0.335,0.659,0.185,0.686,0.098,0.556,0.057,0.410,0.043,27.65,0.21
1598,1982,3,0.445,0.313,0.690,0.159,0.696,0.093,0.555,0.060,0.412,0.043,27.65,0.21
1599,1982,4,0.202,0.189,0.512,0.174,0.700,0.094,0.572,0.061,0.417,0.042,27.65,0.21
1600,1982,5,0.223,0.391,0.340,0.199,0.697,0.095,0.602,0.064,0.428,0.043,27.65,0.21
1601,1982,6,0.598,0.492,0.058,0.204,0.687,0.098,0.609,0.065,0.433,0.043,27.65,0.21
1602,1982,7,1.228,0.401,0.086,0.182,0.654,0.097,0.620,0.062,0.432,0.044,27.65,0.21
1603,1982,8,0.435,0.564,0.202,0.168,0.688,0.098,0.628,0.059,0.430,0.044,27.65,0.21
1604,1982,9,0.974,0.231,0.370,0.189,0.672,0.097,0.637,0.060,0.434,0.045,27.65,0.21
1605,1982,10,-0.482,0.414,0.538,0.195,0.631,0.095,0.644,0.056,0.427,0.046,27.65,0.21
1606,1982,11,-0.343,0.432,0.647,0.201,0.631,0.093,0.663,0.057,0.427,0.047,27.65,0.21
1607,1982,12,-1.581,0.503,0.705,0.184,0.637,0.094,0.663,0.057,0.438,0.048,27.65,0.21
1608,1983,1,-0.198,0.336,0.710,0.176,0.621,0.097,0.648,0.056,0.440,0.049,27.65,0.21
1609,1983,2,0.918,0.378,0.775,0.158,0.621,0.094,0.641,0.056,0.444,0.049,27.65,0.21
1610,1983,3,2.463,0.489,0.859,0.147,0.617,0.095,0.653,0.058,0.449,0.050,27.65,0.21
1611,1983,4,2.219,0.363,1.062,0.121,0.632,0.098,0.667,0.058,0.451,0.048,27.65,0.21
1612,1983,5,1.531,0.605,1.264,0.106,0.636,0.094,0.673,0.058,0.445,0.049,27.65,0.21
1613,1983,6,1.290,0.492,1.427,0.106,0.640,0.087,0.679,0.060,0.448,0.049,27.65,0.21
1614,1983,7,1.294,0.263,1.362,0.117,0.619,0.088,0.684,0.062,0.450,0.050,27.65,0.21
1615,1983,8,1.211,0.416,1.232,0.111,0.628,0.090,0.680,0.061,0.450,0.051,27.65,0.21
1616,1983,9,1.980,0.304,1.062,0.110,0.581,0.086,0.680,0.063,0.446,0.050,27.65,0.21
1617,1983,10,1.957,0.330,1.033,0.115,0.577,0.083,0.688,0.065,0.448,0.051,27.65,0.21
1618,1983,11,2.086,0.390,0.915,0.153,0.592,0.087,0.695,0.066,0.442,0.053,27.65,0.21
1619,1983,12,0.368,0.385,0.837,0.146,0.581,0.083,0.677,0.066,0.454,0.053,27.65,0.21
1620,1984,1,-0.979,0.381,0.772,0.154,0.570,0.085,0.652,0.066,0.454,0.053,27.65,0.21
1621,1984,2,-0.634,0.419,0.761,0.167,0.579,0.087,0.649,0.068,0.462,0.053,27.65,0.21
1622,1984,3,0.425,0.258,0.703,0.162,0.574,0.089,0.651,0.068,0.475,0.054,27.65,0.21
1623,1984,4,1.864,0.361,0.571,0.172,0.550,0.086,0.640,0.069,0.490,0.054,27.65,0.21
1624,1984,5,0.121,0.384,0.388,0.183,0.501,0.085,0.644,0.072,0.496,0.056,27.65,0.21
1625,1984,6,0.350,0.427,0.386,0.163,0.465,0.086,0.644,0.071,0.500,0.056,27.65,0.21
1626,1984,7,0.509,0.326,0.411,0.160,0.493,0.085,0.644,0.072,0.504,0.055,27.65,0.21
1627,1984,8,1.085,0.407,0.648,0.161,0.516,0.083,0.638,0.073,0.503,0.054,27.65,0.21
1628,1984,9,1.281,0.392,0.605,0.169,0.530,0.082,0.643,0.071,0.504,0.055,27.65,0.21
1629,1984,10,0.377,0.474,0.446,0.195,0.582,0.084,0.657,0.074,0.509,0.056,27.65,0.21
1630,1984,11,-0.107,0.285,0.397,0.201,0.621,0.084,0.669,0.076,0.514,0.057,27.65,0.21
1631,1984,12,0.342,0.419,0.467,0.211,0.631,0.087,0.687,0.079,0.520,0.058,27.65,0.21
1632,1985,1,-0.684,0.473,0.425,0.205,0.631,0.087,0.668,0.078,0.517,0.058,27.65,0.21
1633,1985,2,2.214,0.299,0.394,0.201,0.643,0.083,0.685,0.077,0.524,0.060,27.65,0.21
1634,1985,3,-0.096,0.309,0.353,0.195,0.652,0.083,0.705,0.077,0.527,0.060,27.65,0.21
1635,1985,4,-0.038,0.394,0.439,0.205,0.682,0.084,0.692,0.079,0.534,0.061,27.65,0.21
1636,1985,5,-0.474,0.359,0.493,0.191,0.719,0.083,0.703,0.078,0.549,0.060,27.65,0.21
1637,1985,6,1.191,0.378,0.448,0.177,0.780,0.084,0.704,0.081,0.554,0.061,27.65,0.21
1638,1985,7,0.011,0.462,0.368,0.147,0.769,0.084,0.702,0.082,0.561,0.061,27.65,0.21
1639,1985,8,0.712,0.375,0.175,0.153,0.769,0.084,0.704,0.081,0.565,0.060,27.65,0.21
1640,1985,9,0.792,0.317,0.129,0.169,0.754,0.088,0.706,0.078,0.566,0.061,27.65,0.21
1641,1985,10,1.401,0.639,0.198,0.154,0.738,0.090,0.718,0.079,0.569,0.062,27.65,0.21
1642,1985,11,0.547,0.336,0.359,0.181,0.723,0.099,0.719,0.079,0.588,0.062,27.65,0.21
1643,1985,12,-0.198,0.335,0.285,0.189,0.705,0.093,0.729,0.077,0.588,0.063,27.65,0.21
1644,1986,1,-1.649,0.394,0.284,0.165,0.696,0.094,0.744,0.080,0.609,0.061,27.65,0.21
1645,1986,2,-0.094,0.282,0.305,0.161,0.676,0.097,0.742,0.080,0.626,0.061,27.65,0.21
1646,1986,3,-0.659,0.590,0.263,0.159,0.652,0.098,0.721,0.077,0.637,0.061,27.65,0.21
1647,1986,4,0.801,0.314,0.165,0.141,0.635,0.098,0.717,0.078,0.648,0.061,27.65,0.21
1648,1986,5,1.456,0.469,0.017,0.132,0.610,0.096,0.711,0.079,0.663,0.062,27.65,0.21
1649,1986,6,0.305,0.626,0.007,0.136,0.589,0.093,0.711,0.076,0.671,0.063,27.65,0.21
1650,1986,7,-0.001,0.404,0.237,0.161,0.598,0.092,0.714,0.080,0.677,0.063,27.65,0.21
1651,1986,8,0.961,0.418,0.323,0.147,0.614,0.088,0.719,0.080,0.678,0.060,27.65,0.21
1652,1986,9,0.285,0.297,0.485,0.133,0.615,0.088,0.721,0.082,0.681,0.061,27.65,0.21
1653,1986,10,0.222,0.477,0.693,0.134,0.578,0.090,0.707,0.084,0.689,0.062,27.65,0.21
1654,1986,11,-1.224,0.256,0.786,0.108,0.600,0.093,0.699,0.085,0.696,0.062,27.65,0.21
1655,1986,12,-0.322,0.199,0.862,0.123,0.602,0.082,0.698,0.086,0.701,0.062,27.65,0.21
1656,1987,1,1.114,0.272,0.965,0.102,0.602,0.083,0.707,0.086,0.706,0.063,27.65,0.21
1657,1987,2,0.937,0.200,0.981,0.103,0.590,0.085,0.725,0.084,0.714,0.062,27.65,0.21
1658,1987,3,1.291,0.281,1.084,0.126,0.589,0.085,0.713,0.082,0.709,0.062,27.65,0.21
1659,1987,4,3.292,0.389,1.172,0.120,0.615,0.087,0.717,0.080,0.705,0.063,27.65,0.21
1660,1987,5,2.566,0.715,1.433,0.107,0.641,0.089,0.725,0.080,0.712,0.063,27.65,0.21
1661,1987,6,1.229,0.297,1.630,0.116,0.687,0.094,0.719,0.079,0.713,0.064,27.65,0.21
1662,1987,7,1.227,0.437,1.469,0.123,0.682,0.091,0.710,0.080,0.717,0.064,27.65,0.21
1663,1987,8,1.159,0.625,1.464,0.119,0.682,0.092,0.708,0.078,0.719,0.066,27.65,0.21
1664,1987,9,1.512,0.539,1.487,0.134,0.738,0.092,0.708,0.078,0.722,0.066,27.65,0.21
1665,1987,10,1.279,0.371,1.320,0.150,0.754,0.092,0.713,0.079,0.724,0.066,27.65,0.21
1666,1987,11,1.909,0.342,1.157,0.127,0.775,0.098,0.711,0.081,0.732,0.066,27.65,0.21
1667,1987,12,2.042,0.194,1.072,0.128,0.772,0.100,0.737,0.082,0.730,0.066,27.65,0.21
1668,1988,1,-0.819,0.211,1.033,0.109,0.783,0.097,0.733,0.083,0.732,0.065,27.65,0.21
1669,1988,2,0.882,0.295,0.939,0.136,0.787,0.091,0.727,0.083,0.740,0.066,27.65,0.21
1670,1988,3,1.567,0.437,0.855,0.151,0.794,0.090,0.718,0.085,0.749,0.067,27.65,0.21
1671,1988,4,1.286,0.497,0.830,0.166,0.804,0.086,0.711,0.085,0.762,0.067,27.65,0.21
1672,1988,5,0.609,0.591,0.720,0.159,0.802,0.093,0.706,0.087,0.765,0.068,27.65,0.21
1673,1988,6,0.217,0.239,0.477,0.165,0.817,0.095,0.703,0.085,0.774,0.068,27.65,0.21
1674,1988,7,0.752,0.496,0.505,0.168,0.869,0.095,0.701,0.084,0.778,0.068,27.65,0.21
1675,1988,8,0.030,0.448,0.462,0.158,0.856,0.097,0.695,0.088,0.780,0.067,27.65,0.21
1676,1988,9,0.510,0.284,0.368,0.154,0.861,0.090,0.677,0.087,0.780,0.067,27.65,0.21
1677,1988,10,0.976,0.369,0.234,0.152,0.857,0.092,0.664,0.087,0.785,0.067,27.65,0.21
1678,1988,11,0.585,0.341,0.304,0.154,0.830,0.089,0.640,0.090,0.791,0.065,27.65,0.21
1679,1988,12,-0.875,0.350,0.325,0.135,0.841,0.089,0.640,0.088,0.788,0.066,27.65,0.21
1680,1989,1,-0.483,0.315,0.304,0.140,0.859,0.095,0.637,0.087,0.776,0.066,27.65,0.21
1681,1989,2,0.365,0.284,0.330,0.172,0.859,0.097,0.643,0.087,0.763,0.067,27.65,0.21
1682,1989,3,0.445,0.369,0.391,0.158,0.868,0.100,0.643,0.089,0.761,0.067,27.65,0.21
1683,1989,4,-0.319,0.636,0.471,0.166,0.864,0.104,0.639,0.090,0.766,0.066,27.65,0.21
1684,1989,5,1.442,0.488,0.541,0.178,0.898,0.108,0.652,0.092,0.769,0.066,27.65,0.21
1685,1989,6,0.477,0.781,0.872,0.193,0.932,0.107,0.664,0.091,0.774,0.066,27.65,0.21
1686,1989,7,0.498,0.312,0.831,0.183,0.921,0.105,0.666,0.090,0.773,0.065,27.65,0.21
1687,1989,8,0.334,0.313,0.985,0.170,0.933,0.101,0.659,0.089,0.769,0.065,27.65,0.21
1688,1989,9,1.245,0.403,1.222,0.192,0.897,0.100,0.651,0.089,0.768,0.064,27.65,0.21
1689,1989,10,1.939,0.475,1.322,0.206,0.853,0.096,0.648,0.089,0.769,0.064,27.65,0.21
1690,1989,11,1.423,0.332,1.271,0.184,0.829,0.098,0.660,0.089,0.771,0.064,27.65,0.21
1691,1989,12,3.093,0.415,1.314,0.259,0.807,0.094,0.670,0.090,0.770,0.064,27.65,0.21
1692,1990,1,-0.967,0.506,1.330,0.272,0.790,0.094,0.667,0.089,0.766,0.064,27.65,0.21
1693,1990,2,2.214,0.625,1.380,0.234,0.773,0.094,0.658,0.091,0.769,0.064,27.65,0.21
1694,1990,3,3.286,0.451,1.379,0.181,0.764,0.095,0.661,0.092,0.777,0.064,27.65,0.21
1695,1990,4,0.883,0.865,1.381,0.165,0.743,0.093,0.667,0.091,0.776,0.063,27.65,0.21
1696,1990,5,0.833,0.500,1.301,0.169,0.703,0.094,0.686,0.091,0.783,0.063,27.65,0.21
1697,1990,6,0.987,0.542,1.102,0.167,0.694,0.093,0.685,0.091,0.782,0.062,27.65,0.21
1698,1990,7,0.690,0.477,1.306,0.152,0.698,0.094,0.694,0.088,0.781,0.062,27.65,0.21
1699,1990,8,0.932,0.533,1.044,0.144,0.685,0.092,0.697,0.088,0.780,0.061,27.65,0.21
1700,1990,9,1.235,0.738,0.744,0.143,0.682,0.094,0.693,0.091,0.780,0.060,27.65,0.21
1701,1990,10,1.960,0.509,0.715,0.151,0.684,0.091,0.695,0.089,0.777,0.061,27.65,0.21
1702,1990,11,0.462,0.516,0.632,0.164,0.690,0.086,0.710,0.091,0.777,0.060,27.65,0.21
1703,1990,12,0.704,0.336,0.628,0.158,0.702,0.087,0.724,0.091,0.786,0.058,27.65,0.21
1704,1991,1,1.484,0.630,0.661,0.186,0.706,0.083,0.760,0.086,0.792,0.059,27.65,0.21
1705,1991,2,-0.931,0.390,0.665,0.214,0.713,0.089,0.775,0.087,0.797,0.059,27.65,0.21
1706,1991,3,-0.308,0.161,0.633,0.257,0.702,0.085,0.787,0.085,0.798,0.059,27.65,0.21
1707,1991,4,0.534,0.301,0.467,0.234,0.692,0.087,0.796,0.084,0.802,0.059,27.65,0.21
1708,1991,5,-0.162,0.679,0.497,0.220,0.670,0.096,0.797,0.084,0.803,0.059,27.65,0.21
1709,1991,6,0.941,0.364,0.580,0.194,0.690,0.095,0.807,0.085,0.805,0.058,27.65,0.21
1710,1991,7,1.080,0.733,0.495,0.201,0.676,0.093,0.817,0.086,0.804,0.057,27.65,0.21
1711,1991,8,0.979,0.546,0.711,0.161,0.673,0.096,0.813,0.085,0.807,0.057,27.65,0.21
1712,1991,9,0.847,0.449,0.661,0.154,0.672,0.100,0.817,0.089,0.809,0.058,27.65,0.21
1713,1991,10,-0.029,0.174,0.673,0.153,0.700,0.099,0.825,0.092,0.801,0.059,27.65,0.21
1714,1991,11,0.830,0.242,0.782,0.132,0.704,0.100,0.842,0.092,0.797,0.059,27.65,0.21
1715,1991,12,1.691,0.240,0.697,0.104,0.725,0.109,0.857,0.091,0.805,0.059,27.65,0.21
1716,1992,1,0.470,0.265,0.620,0.091,0.730,0.105,0.862,0.090,0.812,0.059,27.65,0.21
1717,1992,2,1.657,0.468,0.550,0.146,0.728,0.103,0.871,0.091,0.819,0.059,27.65,0.21
1718,1992,3,-0.902,0.346,0.562,0.198,0.713,0.101,0.863,0.091,0.820,0.058,27.65,0.21
1719,1992,4,0.674,0.491,0.569,0.224,0.681,0.103,0.838,0.091,0.821,0.060,27.65,0.21
1720,1992,5,1.146,0.415,0.454,0.231,0.680,0.101,0.823,0.086,0.823,0.060,27.65,0.21
1721,1992,6,-0.083,0.420,0.439,0.252,0.653,0.100,0.818,0.087,0.825,0.059,27.65,0.21
1722,1992,7,0.155,0.336,0.351,0.271,0.652,0.105,0.815,0.089,0.822,0.061,27.65,0.21
1723,1992,8,0.140,0.863,0.221,0.274,0.634,0.110,0.809,0.095,0.823,0.062,27.65,0.21
1724,1992,9,0.998,0.568,0.412,0.257,0.583,0.118,0.806,0.095,0.826,0.061,27.65,0.21
1725,1992,10,0.049,0.659,0.476,0.261,0.580,0.114,0.804,0.099,0.833,0.062,27.65,0.21
1726,1992,11,-0.542,0.595,0.459,0.288,0.596,0.108,0.802,0.099,0.839,0.062,27.65,0.21
1727,1992,12,1.512,0.638,0.545,0.254,0.598,0.113,0.797,0.097,0.857,0.061,27.65,0.21
1728,1993,1,-0.594,0.361,0.614,0.246,0.605,0.116,0.815,0.096,0.857,0.061,27.65,0.21
1729,1993,2,0.104,0.332,0.641,0.245,0.608,0.112,0.840,0.097,0.857,0.060,27.65,0.21
1730,1993,3,1.383,0.524,0.544,0.214,0.591,0.113,0.846,0.096,0.855,0.059,27.65,0.21
1731,1993,4,1.444,0.694,0.574,0.194,0.585,0.116,0.857,0.095,0.853,0.061,27.65,0.21
1732,1993,5,0.940,0.528,0.557,0.213,0.617,0.113,0.857,0.094,0.854,0.061,27.65,0.21
1733,1993,6,0.957,0.330,0.458,0.187,0.631,0.111,0.869,0.094,0.852,0.059,27.65,0.21
1734,1993,7,0.973,0.193,0.399,0.176,0.650,0.109,0.872,0.092,0.848,0.058,27.65,0.21
1735,1993,8,0.473,0.233,0.401,0.175,0.695,0.109,0.880,0.092,0.845,0.058,27.65,0.21
1736,1993,9,-0.168,0.349,0.318,0.176,0.713,0.112,0.880,0.091,0.840,0.056,27.65,0.21
1737,1993,10,0.404,0.266,0.316,0.200,0.735,0.112,0.883,0.090,0.837,0.055,27.65,0.21
1738,1993,11,-0.741,0.761,0.376,0.210,0.765,0.111,0.888,0.088,0.833,0.056,27.65,0.21
1739,1993,12,0.321,0.427,0.438,0.198,0.774,0.107,0.900,0.088,0.837,0.054,27.65,0.21
1740,1994,1,-1.301,0.252,0.425,0.201,0.775,0.114,0.900,0.086,0.845,0.054,27.65,0.21
1741,1994,2,0.133,0.410,0.402,0.206,0.767,0.116,0.876,0.088,0.857,0.053,27.65,0.21
1742,1994,3,0.383,0.497,0.448,0.188,0.765,0.124,0.872,0.087,0.860,0.052,27.65,0.21
1743,1994,4,1.415,0.407,0.413,0.195,0.787,0.124,0.891,0.086,0.858,0.053,27.65,0.21
1744,1994,5,1.668,0.348,0.590,0.202,0.785,0.122,0.894,0.082,0.860,0.053,27.65,0.21
1745,1994,6,1.697,0.420,0.688,0.198,0.782,0.117,0.904,0.085,0.863,0.051,27.65,0.21
1746,1994,7,0.814,0.524,0.709,0.224,0.802,0.118,0.902,0.083,0.863,0.051,27.65,0.21
1747,1994,8,0.202,0.487,0.793,0.197,0.809,0.120,0.900,0.083,0.862,0.052,27.65,0.21
1748,1994,9,0.385,0.360,0.781,0.195,0.829,0.111,0.894,0.082,0.862,0.051,27.65,0.21
1749,1994,10,-0.017,0.341,0.722,0.169,0.824,0.119,0.881,0.081,0.871,0.049,27.65,0.21
1750,1994,11,1.381,0.255,0.731,0.146,0.816,0.109,0.873,0.080,0.876,0.049,27.65,0.21
1751,1994,12,1.501,0.248,0.681,0.159,0.828,0.108,0.853,0.079,0.879,0.050,27.65,0.21
1752,1995,1,-1.054,0.495,0.708,0.164,0.841,0.111,0.864,0.084,0.882,0.049,27.65,0.21
1753,1995,2,1.146,0.549,0.780,0.170,0.846,0.123,0.854,0.087,0.868,0.050,27.65,0.21
1754,1995,3,0.232,0.522,0.770,0.209,0.848,0.120,0.848,0.090,0.876,0.049,27.65,0.21
1755,1995,4,0.711,0.406,0.905,0.198,0.864,0.128,0.860,0.086,0.886,0.047,27.65,0.21
1756,1995,5,1.773,0.355,0.987,0.212,0.902,0.121,0.862,0.082,0.898,0.046,27.65,0.21
1757,1995,6,1.098,0.728,0.988,0.187,0.901,0.118,0.861,0.079,0.899,0.045,27.65,0.21
1758,1995,7,1.135,0.544,1.295,0.140,0.933,0.112,0.859,0.080,0.901,0.044,27.65,0.21
1759,1995,8,1.065,0.588,1.348,0.134,0.994,0.115,0.855,0.078,0.900,0.043,27.65,0.21
1760,1995,9,0.264,0.452,1.395,0.151,1.010,0.113,0.855,0.075,0.899,0.045,27.65,0.21
1761,1995,10,1.606,0.394,1.490,0.152,1.030,0.119,0.836,0.077,0.901,0.045,27.65,0.21
1762,1995,11,2.369,0.338,1.477,0.190,1.025,0.124,0.835,0.073,0.905,0.044,27.65,0.21
1763,1995,12,1.512,0.334,1.507,0.142,1.035,0.121,0.842,0.069,0.917,0.044,27.65,0.21
1764,1996,1,2.631,1.164,1.509,0.185,1.038,0.120,0.839,0.071,0.922,0.044,27.65,0.21
1765,1996,2,1.785,0.308,1.462,0.203,1.047,0.116,0.851,0.069,0.919,0.045,27.65,0.21
1766,1996,3,0.794,0.571,1.501,0.225,1.057,0.114,0.875,0.069,0.929,0.043,27.65,0.21
1767,1996,4,1.845,0.598,1.473,0.223,1.073,0.110,0.886,0.064,0.937,0.042,27.65,0.21
1768,1996,5,1.614,0.426,1.337,0.204,1.105,0.099,0.896,0.060,0.934,0.040,27.65,0.21
1769,1996,6,1.459,0.340,1.338,0.192,1.110,0.098,0.898,0.056,0.938,0.039,27.65,0.21
1770,1996,7,1.160,0.559,1.256,0.131,1.124,0.096,0.894,0.055,0.944,0.039,27.65,0.21
1771,1996,8,0.505,0.346,1.280,0.123,1.080,0.096,0.894,0.056,0.942,0.040,27.65,0.21
1772,1996,9,0.733,0.511,1.237,0.094,1.072,0.088,0.898,0.056,0.945,0.041,27.65,0.21
1773,1996,10,1.266,0.260,1.114,0.136,1.082,0.082,0.896,0.064,0.953,0.041,27.65,0.21
1774,1996,11,0.744,0.380,1.040,0.162,1.085,0.075,0.895,0.064,0.967,0.042,27.65,0.21
1775,1996,12,1.514,0.401,0.968,0.189,1.084,0.071,0.911,0.060,0.969,0.042,27.65,0.21
1776,1997,1,1.657,0.271,0.950,0.227,1.075,0.073,0.918,0.060,0.970,0.041,27.65,0.21
1777,1997,2,2.073,0.264,0.945,0.230,1.072,0.078,0.913,0.062,0.972,0.041,27.65,0.21
1778,1997,3,0.278,0.884,0.976,0.232,1.074,0.079,0.927,0.061,0.969,0.042,27.65,0.21
1779,1997,4,0.369,0.377,0.955,0.242,1.081,0.074,0.924,0.067,0.957,0.040,27.65,0.21
1780,1997,5,0.717,0.491,1.037,0.228,1.065,0.075,0.921,0.067,0.952,0.041,27.65,0.21
1781,1997,6,0.599,0.497,1.031,0.216,1.053,0.073,0.931,0.064,0.951,0.041,27.65,0.21
1782,1997,7,0.949,0.883,1.005,0.185,1.077,0.077,0.934,0.068,0.950,0.042,27.65,0.21
1783,1997,8,0.443,0.394,1.149,0.203,1.073,0.078,0.939,0.069,0.944,0.043,27.65,0.21
1784,1997,9,1.105,0.399,1.317,0.190,1.113,0.076,0.944,0.064,0.941,0.044,27.65,0.21
1785,1997,10,1.009,0.749,1.507,0.180,1.140,0.069,0.954,0.064,0.941,0.044,27.65,0.21
1786,1997,11,1.732,0.362,1.501,0.232,1.129,0.069,0.968,0.060,0.938,0.043,27.65,0.21
1787,1997,12,1.442,0.399,1.583,0.202,1.123,0.061,0.978,0.056,0.932,0.044,27.65,0.21
1788,1998,1,1.345,0.417,1.597,0.176,1.112,0.062,0.981,0.056,0.935,0.044,27.65,0.21
1789,1998,2,3.796,0.412,1.648,0.134,1.103,0.059,0.987,0.054,0.941,0.043,27.65,0.21
1790,1998,3,2.302,0.396,1.591,0.135,1.118,0.054,0.992,0.051,0.946,0.042,27.65,0.21
1791,1998,4,2.648,0.691,1.619,0.093,1.086,0.058,0.994,0.057,0.951,0.043,27.65,0.21
1792,1998,5,0.643,0.454,1.574,0.072,1.054,0.055,1.002,0.057,0.953,0.042,27.65,0.21
1793,1998,6,1.582,0.371,1.503,0.082,1.054,0.055,1.001,0.054,0.955,0.042,27.65,0.21
1794,1998,7,1.120,0.470,1.353,0.092,1.028,0.062,0.996,0.055,0.953,0.042,27.65,0.21
1795,1998,8,1.046,0.505,0.829,0.091,1.008,0.062,0.996,0.055,0.954,0.041,27.65,0.21
1796,1998,9,0.424,0.283,0.630,0.089,1.037,0.065,1.003,0.053,0.956,0.044,27.65,0.21
1797,1998,10,1.350,0.194,0.578,0.086,1.037,0.063,1.011,0.051,0.954,0.047,27.65,0.21
1798,1998,11,1.196,0.485,0.674,0.126,1.027,0.063,1.025,0.053,0.951,0.047,27.65,0.21
1799,1998,12,0.588,0.465,0.681,0.151,1.022,0.069,1.033,0.049,0.955,0.047,27.65,0.21
1800,1999,1,-0.454,0.418,0.610,0.130,1.013,0.073,1.053,0.047,0.951,0.048,27.65,0.21
1801,1999,2,-2.500,0.372,0.527,0.094,1.022,0.070,1.070,0.048,0.951,0.050,27.65,0.21
1802,1999,3,-0.078,0.355,0.533,0.116,1.030,0.068,1.076,0.046,0.954,0.050,27.65,0.21
1803,1999,4,2.016,0.356,0.455,0.106,1.004,0.061,1.077,0.045,0.958,0.052,27.65,0.21
1804,1999,5,1.804,0.590,0.390,0.093,1.005,0.058,1.067,0.047,0.958,0.052,27.65,0.21
1805,1999,6,1.662,0.623,0.406,0.097,1.040,0.061,1.062,0.046,0.961,0.054,27.65,0.21
1806,1999,7,0.264,0.478,0.475,0.083,1.033,0.061,1.060,0.048,0.967,0.054,27.65,0.21
1807,1999,8,0.053,0.419,0.760,0.087,1.016,0.060,1.066,0.049,0.970,0.055,27.65,0.21
1808,1999,9,0.495,0.482,0.985,0.111,1.026,0.056,1.073,0.051,0.966,0.055,27.65,0.21
1809,1999,10,0.417,0.327,1.013,0.106,1.025,0.057,1.095,0.052,0.967,0.057,27.65,0.21
1810,1999,11,0.419,0.184,0.951,0.105,1.027,0.064,1.091,0.055,0.965,0.057,27.65,0.21
1811,1999,12,0.775,0.173,0.878,0.110,1.034,0.061,1.088,0.054,0.965,0.059,27.65,0.21
1812,2000,1,0.370,0.483,0.895,0.110,1.028,0.067,1.096,0.053,0.980,0.059,27.65,0.21
1813,2000,2,0.929,0.554,0.932,0.105,1.031,0.066,1.079,0.058,0.987,0.058,27.65,0.21
1814,2000,3,2.623,0.493,0.989,0.123,1.040,0.058,1.092,0.057,0.987,0.058,27.65,0.21
1815,2000,4,2.344,0.411,0.929,0.139,1.045,0.059,1.106,0.056,0.999,0.062,27.65,0.21
1816,2000,5,1.061,0.292,0.928,0.147,1.033,0.056,1.111,0.053,1.004,0.061,27.65,0.21
1817,2000,6,0.790,0.984,0.990,0.153,1.055,0.057,1.113,0.054,1.002,0.061,27.65,0.21
1818,2000,7,0.468,0.330,1.052,0.174,1.030,0.057,1.108,0.055,1.005,0.061,27.65,0.21
1819,2000,8,0.497,0.408,1.020,0.177,0.979,0.056,1.102,0.056,1.005,0.063,27.65,0.21
1820,2000,9,1.179,0.600,1.012,0.183,0.975,0.056,1.105,0.056,1.004,0.064,27.65,0.21
1821,2000,10,-0.307,0.410,0.973,0.219,0.959,0.056,1.108,0.057,1.000,0.063,27.65,0.21
1822,2000,11,0.412,0.361,0.969,0.206,0.979,0.059,1.100,0.057,1.003,0.064,27.65,0.21
1823,2000,12,1.520,0.537,1.002,0.234,0.966,0.063,1.109,0.060,1.015,0.061,27.65,0.21
1824,2001,1,1.107,0.273,1.010,0.228,0.953,0.065,1.084,0.066,1.017,0.062,27.65,0.21
1825,2001,2,0.551,0.246,1.057,0.215,0.945,0.067,1.062,0.069,1.018,0.062,27.65,0.21
1826,2001,3,2.523,0.406,1.062,0.171,0.948,0.075,1.070,0.073,1.025,0.063,27.65,0.21
1827,2001,4,1.871,1.090,1.064,0.187,0.949,0.075,1.078,0.075,1.033,0.064,27.65,0.21
1828,2001,5,1.013,0.551,1.097,0.193,0.946,0.072,1.071,0.080,1.041,0.064,27.65,0.21
1829,2001,6,1.189,0.948,1.268,0.146,0.957,0.075,1.070,0.080,1.045,0.065,27.65,0.21
1830,2001,7,0.565,0.263,1.281,0.157,0.983,0.068,1.072,0.084,1.046,0.063,27.65,0.21
1831,2001,8,1.062,0.597,1.324,0.193,1.059,0.073,1.072,0.081,1.045,0.062,27.65,0.21
1832,2001,9,1.235,0.317,1.186,0.189,1.080,0.075,1.074,0.082,1.049,0.062,27.65,0.21
1833,2001,10,-0.278,1.990,1.054,0.249,1.072,0.078,1.080,0.084,1.056,0.063,27.65,0.21
1834,2001,11,0.802,0.307,1.038,0.253,1.049,0.079,1.092,0.084,1.056,0.062,27.65,0.21
1835,2001,12,3.572,0.676,1.028,0.308,1.040,0.076,1.081,0.084,1.051,0.064,27.65,0.21
1836,2002,1,1.265,0.248,1.027,0.333,1.046,0.077,1.078,0.086,1.048,0.064,27.65,0.21
1837,2002,2,1.066,0.365,0.993,0.294,1.060,0.081,1.072,0.085,1.033,0.065,27.65,0.21
1838,2002,3,0.869,0.323,1.024,0.232,1.072,0.083,1.075,0.081,1.041,0.066,27.65,0.21
1839,2002,4,0.292,0.823,1.156,0.128,1.108,0.089,1.076,0.078,1.039,0.065,27.65,0.21
1840,2002,5,0.812,0.471,1.177,0.125,1.117,0.093,1.081,0.079,1.043,0.065,27.65,0.21
1841,2002,6,1.076,0.326,1.109,0.113,1.123,0.092,1.085,0.078,1.048,0.066,27.65,0.21
1842,2002,7,0.552,0.471,0.989,0.123,1.115,0.099,1.084,0.083,1.049,0.068,27.65,0.21
1843,2002,8,0.656,0.356,0.962,0.076,1.085,0.103,1.079,0.085,1.051,0.069,27.65,0.21
1844,2002,9,1.605,0.877,1.061,0.064,1.071,0.107,1.076,0.090,1.050,0.072,27.65,0.21
1845,2002,10,1.310,0.308,1.178,0.071,1.071,0.110,1.079,0.094,1.057,0.075,27.65,0.21
1846,2002,11,1.055,0.227,1.265,0.110,1.094,0.105,1.073,0.095,1.068,0.075,27.65,0.21
1847,2002,12,2.750,0.577,1.242,0.177,1.102,0.099,1.067,0.097,1.063,0.078,27.65,0.21
1848,2003,1,-0.176,0.407,1.224,0.233,1.104,0.099,1.054,0.097,1.066,0.078,27.65,0.21
1849,2003,2,0.745,0.601,1.218,0.210,1.102,0.104,1.043,0.095,1.068,0.078,27.65,0.21
1850,2003,3,2.052,0.424,1.132,0.190,1.093,0.099,1.045,0.097,1.072,0.079,27.65,0.21
1851,2003,4,1.696,0.601,1.141,0.189,1.129,0.099,1.046,0.100,1.075,0.082,27.65,0.21
1852,2003,5,1.866,0.299,1.135,0.206,1.146,0.098,1.048,0.105,1.078,0.084,27.65,0.21
1853,2003,6,0.797,0.901,1.012,0.196,1.165,0.097,1.042,0.103,1.080,0.084,27.65,0.21
1854,2003,7,0.334,0.531,1.117,0.201,1.139,0.109,1.034,0.102,1.081,0.086,27.65,0.21
1855,2003,8,0.581,0.520,1.230,0.182,1.116,0.111,1.028,0.100,1.082,0.087,27.65,0.21
1856,2003,9,0.572,0.673,1.155,0.155,1.104,0.116,1.032,0.103,1.085,0.087,27.65,0.21
1857,2003,10,1.424,0.236,1.143,0.181,1.119,0.118,1.025,0.111,1.092,0.088,27.65,0.21
1858,2003,11,0.978,0.530,1.022,0.189,1.115,0.124,1.013,0.108,1.098,0.092,27.65,0.21
1859,2003,12,1.278,0.352,1.049,0.170,1.117,0.119,1.011,0.111,1.102,0.092,27.65,0.21
1860,2004,1,1.089,0.375,1.072,0.167,1.131,0.117,1.002,0.111,1.111,0.092,27.65,0.21
1861,2004,2,2.096,0.567,1.099,0.168,1.122,0.114,1.026,0.115,1.108,0.092,27.65,0.21
1862,2004,3,1.150,0.358,1.152,0.178,1.117,0.114,1.035,0.117,1.106,0.092,27.65,0.21
1863,2004,4,1.550,0.404,1.251,0.212,1.156,0.126,1.025,0.119,1.111,0.093,27.65,0.21
1864,2004,5,0.417,0.442,1.249,0.230,1.178,0.132,1.022,0.116,1.110,0.095,27.65,0.21
1865,2004,6,1.121,0.266,1.237,0.238,1.123,0.125,1.018,0.113,1.109,0.096,27.65,0.21
1866,2004,7,0.610,0.547,1.137,0.266,1.123,0.129,1.031,0.113,1.110,0.094,27.65,0.21
1867,2004,8,0.905,0.724,0.887,0.250,1.128,0.131,1.040,0.115,1.112,0.094,27.65,0.21
1868,2004,9,1.213,0.396,0.939,0.267,1.124,0.131,1.039,0.115,1.117,0.098,27.65,0.21
1869,2004,10,2.602,0.479,1.009,0.233,1.128,0.135,1.053,0.120,1.126,0.101,27.65,0.21
1870,2004,11,0.957,0.428,1.175,0.180,1.135,0.143,1.057,0.120,1.124,0.105,27.65,0.21
1871,2004,12,1.138,0.267,1.189,0.184,1.135,0.140,1.078,0.122,1.120,0.105,27.65,0.21
1872,2005,1,-0.108,0.671,1.189,0.188,1.140,0.153,1.095,0.124,1.124,0.104,27.65,0.21
1873,2005,2,-0.913,0.478,1.143,0.209,1.127,0.154,1.121,0.125,1.120,0.106,27.65,0.21
1874,2005,3,1.781,0.335,1.093,0.166,1.112,0.156,1.127,0.129,1.119,0.106,27.65,0.21
1875,2005,4,2.390,0.739,1.035,0.149,1.113,0.157,1.138,0.133,1.127,0.112,27.65,0.21
1876,2005,5,2.406,0.502,1.073,0.161,1.113,0.158,1.145,0.132,1.133,0.114,27.65,0.21
1877,2005,6,1.291,0.460,1.200,0.186,1.079,0.158,1.144,0.126,1.136,0.118,27.65,0.21
1878,2005,7,0.610,0.389,1.171,0.213,1.078,0.164,1.151,0.124,1.138,0.119,27.65,0.21
1879,2005,8,0.345,0.672,1.177,0.202,1.107,0.156,1.154,0.127,1.137,0.117,27.65,0.21
1880,2005,9,0.619,0.574,1.179,0.192,1.116,0.155,1.152,0.124,1.139,0.117,27.65,0.21
1881,2005,10,1.904,0.376,1.213,0.183,1.132,0.160,1.165,0.128,1.140,0.118,27.65,0.21
1882,2005,11,1.407,0.484,1.073,0.233,1.117,0.163,1.170,0.128,1.136,0.120,27.65,0.21
1883,2005,12,2.668,0.514,1.078,0.222,1.117,0.154,1.187,0.124,1.136,0.121,27.65,0.21
1884,2006,1,-0.459,0.934,1.142,0.226,1.115,0.150,1.195,0.124,1.140,0.123,27.65,0.21
1885,2006,2,-0.838,0.340,1.157,0.225,1.110,0.147,1.184,0.122,1.135,0.125,27.65,0.21
1886,2006,3,1.806,0.225,1.186,0.267,1.116,0.151,1.175,0.128,1.131,0.128,27.65,0.21
1887,2006,4,2.791,0.548,1.195,0.274,1.101,0.170,1.180,0.133,1.134,0.132,27.65,0.21
1888,2006,5,0.733,0.576,1.257,0.255,1.081,0.163,1.187,0.138,1.134,0.135,27.65,0.21
1889,2006,6,1.348,0.312,1.055,0.221,1.065,0.167,1.193,0.135,1.135,0.136,27.65,0.21
1890,2006,7,1.377,0.513,1.202,0.189,1.021,0.175,1.198,0.135,1.134,0.137,27.65,0.21
1891,2006,8,0.527,0.420,1.384,0.177,0.992,0.175,1.196,0.136,1.136,0.137,27.65,0.21
1892,2006,9,0.962,0.396,1.284,0.167,0.991,0.178,1.200,0.138,1.139,0.138,27.65,0.21
1893,2006,10,2.019,0.216,1.096,0.139,0.978,0.174,1.217,0.152,1.143,0.143,27.65,0.21
1894,2006,11,2.143,0.476,1.142,0.138,0.995,0.171,1.216,0.152,1.145,0.143,27.65,0.21
1895,2006,12,0.252,0.326,1.115,0.143,0.996,0.171,1.191,0.149,1.148,0.143,27.65,0.21
1896,2007,1,1.302,0.504,1.075,0.146,1.016,0.168,1.179,0.149,1.140,0.144,27.65,0.21
1897,2007,2,1.344,0.310,1.018,0.156,1.020,0.167,1.154,0.151,1.140,0.145,27.65,0.21
1898,2007,3,0.606,0.193,0.995,0.190,1.006,0.172,1.154,0.153,1.152,0.144,27.65,0.21
1899,2007,4,0.538,0.803,0.942,0.193,0.997,0.177,1.154,0.157,1.163,0.146,27.65,0.21
1900,2007,5,1.279,0.553,0.853,0.180,0.996,0.175,1.164,0.162,1.173,0.146,27.65,0.21
1901,2007,6,1.028,0.251,0.889,0.189,1.032,0.181,1.165,0.159,1.177,0.148,27.65,0.21
1902,2007,7,0.901,0.584,0.763,0.162,1.075,0.173,1.164,0.166,1.179,0.150,27.65,0.21
1903,2007,8,-0.157,0.358,0.857,0.150,1.158,0.170,1.163,0.164,1.181,0.148,27.65,0.21
1904,2007,9,0.687,0.812,1.022,0.172,1.183,0.174,1.156,0.160,1.185,0.147,27.65,0.21
1905,2007,10,1.375,0.304,1.201,0.188,1.205,0.181,1.159,0.163,1.191,0.151,27.65,0.21
1906,2007,11,1.075,0.306,1.174,0.192,1.196,0.182,1.169,0.162,1.189,0.152,27.65,0.21
1907,2007,12,0.684,0.246,1.154,0.191,1.186,0.185,1.148,0.162,1.182,0.153,27.65,0.21
1908,2008,1,-0.204,0.326,1.096,0.169,1.197,0.184,1.150,0.164,1.178,0.153,27.65,0.21
1909,2008,2,2.472,0.266,1.134,0.159,1.206,0.189,1.149,0.159,1.160,0.152,27.65,0.21
1910,2008,3,2.585,0.459,1.155,0.179,1.212,0.198,1.152,0.158,1.157,0.153,27.65,0.21
1911,2008,4,2.680,0.307,1.084,0.240,1.200,0.202,1.156,0.166,1.149,0.156,27.65,0.21
1912,2008,5,0.966,0.504,0.976,0.250,1.193,0.198,1.153,0.166,1.148,0.157,27.65,0.21
1913,2008,6,0.779,0.262,0.943,0.260,1.209,0.188,1.158,0.162,1.145,0.157,27.65,0.21
1914,2008,7,0.204,0.380,0.830,0.269,1.251,0.183,1.166,0.162,1.143,0.156,27.65,0.21
1915,2008,8,0.309,0.466,0.656,0.305,1.252,0.177,1.167,0.163,1.142,0.155,27.65,0.21
1916,2008,9,0.930,0.968,0.529,0.293,1.246,0.180,1.168,0.163,1.144,0.156,27.65,0.21
1917,2008,10,0.522,1.121,0.372,0.293,1.240,0.184,1.173,0.166,1.145,0.159,27.65,0.21
1918,2008,11,-0.214,0.279,0.411,0.254,1.259,0.188,1.171,0.165,1.143,0.159,27.65,0.21
1919,2008,12,0.282,0.284,0.445,0.281,1.268,0.196,1.170,0.168,1.148,0.161,27.65,0.21
1920,2009,1,-1.557,0.356,0.579,0.287,1.266,0.192,1.169,0.169,1.149,0.160,27.65,0.21
1921,2009,2,0.387,0.480,0.647,0.262,1.270,0.197,1.146,0.166,1.161,0.161,27.65,0.21
1922,2009,3,1.054,0.320,0.599,0.231,1.283,0.198,1.136,0.169,1.161,0.162,27.65,0.21
1923,2009,4,0.806,0.331,0.729,0.181,1.279,0.201,1.144,0.169,1.158,0.162,27.65,0.21
1924,2009,5,1.435,0.378,0.823,0.192,1.255,0.193,1.152,0.172,1.158,0.160,27.65,0.21
1925,2009,6,1.184,0.460,1.073,0.205,1.260,0.199,1.155,0.176,1.158,0.160,27.65,0.21
1926,2009,7,1.806,0.490,1.411,0.197,1.234,0.196,1.159,0.172,1.163,0.160,27.65,0.21
1927,2009,8,1.130,0.331,1.714,0.179,1.179,0.196,1.158,0.176,1.170,0.161,27.65,0.21
1928,2009,9,0.355,0.465,1.901,0.198,1.185,0.197,1.160,0.182,1.174,0.162,27.65,0.21
1929,2009,10,2.086,0.585,2.142,0.254,1.180,0.203,1.157,0.188,1.180,0.162,27.65,0.21
1930,2009,11,0.907,0.272,2.179,0.247,1.192,0.200,1.156,0.191,1.183,0.163,27.65,0.21
1931,2009,12,3.280,0.338,2.140,0.240,1.196,0.199,1.152,0.194,1.187,0.164,27.65,0.21
1932,2010,1,2.498,0.247,2.091,0.234,1.187,0.197,1.152,0.190,1.188,0.166,27.65,0.21
1933,2010,2,4.025,0.427,2.074,0.254,1.199,0.191,1.161,0.188,1.197,0.167,27.65,0.21
1934,2010,3,3.301,0.546,2.126,0.250,1.200,0.185,1.147,0.187,1.191,0.168,27.65,0.21
1935,2010,4,3.702,0.757,2.051,0.237,1.205,0.188,1.149,0.197,1.190,0.170,27.65,0.21
1936,2010,5,1.876,0.370,2.059,0.240,1.224,0.187,1.155,0.204,1.195,0.171,27.65,0.21
1937,2010,6,0.714,0.493,2.088,0.222,1.217,0.186,1.160,0.208,1.200,0.169,27.65,0.21
1938,2010,7,1.221,0.308,2.050,0.235,1.221,0.183,1.168,0.210,1.202,0.168,27.65,0.21
1939,2010,8,0.919,0.371,1.648,0.200,1.191,0.181,1.172,0.211,1.206,0.170,27.65,0.21
1940,2010,9,0.987,0.426,1.493,0.194,1.187,0.180,1.173,0.214,1.207,0.169,27.65,0.21
1941,2010,10,1.182,0.457,1.388,0.183,1.179,0.192,1.173,0.212,1.213,0.170,27.65,0.21
1942,2010,11,1.000,0.288,1.388,0.215,1.189,0.188,1.172,0.213,1.213,0.168,27.65,0.21
1943,2010,12,3.624,0.583,1.486,0.237,1.200,0.191,1.163,0.212,1.215,0.168,27.65,0.21
1944,2011,1,2.045,0.413,1.488,0.244,1.217,0.197,1.196,0.210,NaN,NaN,27.65,0.21
1945,2011,2,-0.800,0.410,1.478,0.252,1.223,0.197,1.208,0.210,NaN,NaN,27.65,0.21
1946,2011,3,1.440,0.466,1.541,0.257,1.220,0.190,1.192,0.211,NaN,NaN,27.65,0.21
1947,2011,4,2.445,0.600,1.590,0.249,1.244,0.177,1.189,0.214,NaN,NaN,27.65,0.21
1948,2011,5,1.880,0.521,1.562,0.223,1.261,0.183,1.197,0.216,NaN,NaN,27.65,0.21
1949,2011,6,1.892,0.435,1.309,0.243,1.276,0.184,1.200,0.221,NaN,NaN,27.65,0.21
1950,2011,7,1.240,0.306,1.115,0.236,1.318,0.180,1.196,0.217,NaN,NaN,27.65,0.21
1951,2011,8,0.806,0.403,1.021,0.250,1.300,0.175,1.201,0.219,NaN,NaN,27.65,0.21
1952,2011,9,1.742,0.416,0.982,0.232,1.281,0.174,1.204,0.218,NaN,NaN,27.65,0.21
1953,2011,10,1.765,0.356,0.796,0.187,1.310,0.181,1.205,0.224,NaN,NaN,27.65,0.21
1954,2011,11,0.669,0.361,0.807,0.178,1.310,0.188,1.199,0.223,NaN,NaN,27.65,0.21
1955,2011,12,0.589,0.305,0.753,0.155,1.314,0.193,1.215,0.227,NaN,NaN,27.65,0.21
1956,2012,1,-0.283,0.251,0.679,0.163,1.302,0.189,1.201,0.226,NaN,NaN,27.65,0.21
1957,2012,2,-1.936,0.360,0.662,0.144,1.296,0.197,1.207,0.227,NaN,NaN,27.65,0.21
1958,2012,3,0.976,0.335,0.577,0.151,1.315,0.204,1.228,0.231,NaN,NaN,27.65,0.21
1959,2012,4,0.214,0.184,0.570,0.156,1.318,0.210,1.249,0.239,NaN,NaN,27.65,0.21
1960,2012,5,2.010,0.358,0.701,0.154,1.317,0.219,1.265,0.239,NaN,NaN,27.65,0.21
1961,2012,6,1.244,0.332,0.672,0.141,1.273,0.217,1.270,0.245,NaN,NaN,27.65,0.21
1962,2012,7,0.357,0.520,0.701,0.135,1.229,0.218,1.273,0.246,NaN,NaN,27.65,0.21
1963,2012,8,0.600,0.581,0.916,0.115,1.165,0.215,1.283,0.237,NaN,NaN,27.65,0.21
1964,2012,9,0.716,0.518,1.033,0.119,1.111,0.211,1.294,0.233,NaN,NaN,27.65,0.21
1965,2012,10,1.686,0.545,1.198,0.171,1.093,0.220,1.302,0.234,NaN,NaN,27.65,0.21
1966,2012,11,2.239,0.279,1.159,0.188,1.114,0.233,1.304,0.235,NaN,NaN,27.65,0.21
1967,2012,12,0.244,0.304,1.174,0.195,1.134,0.239,1.297,0.234,NaN,NaN,27.65,0.21
1968,2013,1,0.057,0.294,1.246,0.182,1.139,0.244,1.302,0.236,NaN,NaN,27.65,0.21
1969,2013,2,0.648,0.342,1.255,0.193,1.138,0.239,1.276,0.234,NaN,NaN,27.65,0.21
1970,2013,3,2.378,0.326,1.254,0.205,1.134,0.236,1.269,0.234,NaN,NaN,27.65,0.21
1971,2013,4,2.200,0.882,1.282,0.193,1.146,0.229,1.253,0.236,NaN,NaN,27.65,0.21
1972,2013,5,1.535,0.677,1.162,0.214,1.150,0.234,1.247,0.232,NaN,NaN,27.65,0.21
1973,2013,6,1.428,0.333,1.238,0.233,1.116,0.241,1.249,0.237,NaN,NaN,27.65,0.21
1974,2013,7,1.220,0.515,1.313,0.245,1.141,0.242,1.253,0.236,NaN,NaN,27.65,0.21
1975,2013,8,0.704,0.620,1.201,0.263,1.164,0.248,1.256,0.234,NaN,NaN,27.65,0.21
1976,2013,9,0.714,0.513,0.997,0.248,1.138,0.247,1.255,0.231,NaN,NaN,27.65,0.21
1977,2013,10,2.012,0.342,1.026,0.222,1.139,0.250,1.264,0.227,NaN,NaN,27.65,0.21
1978,2013,11,0.810,0.420,1.016,0.269,1.135,0.251,1.273,0.230,NaN,NaN,27.65,0.21
1979,2013,12,1.146,0.412,1.018,0.293,1.133,0.252,1.286,0.232,NaN,NaN,27.65,0.21
1980,2014,1,0.955,0.357,1.006,0.246,1.126,0.249,1.296,0.231,NaN,NaN,27.65,0.21
1981,2014,2,-0.686,0.326,1.013,0.257,1.131,0.248,1.297,0.227,NaN,NaN,27.65,0.21
1982,2014,3,-0.073,0.436,1.074,0.294,1.124,0.245,1.288,0.228,NaN,NaN,27.65,0.21
1983,2014,4,2.551,0.495,1.095,0.352,1.131,0.254,1.291,0.229,NaN,NaN,27.65,0.21
1984,2014,5,1.412,0.737,1.099,0.372,1.144,0.258,1.294,0.226,NaN,NaN,27.65,0.21
1985,2014,6,1.457,0.615,1.058,0.370,1.170,0.261,1.298,0.228,NaN,NaN,27.65,0.21
1986,2014,7,1.072,0.474,0.968,0.390,1.169,0.262,1.296,0.227,NaN,NaN,27.65,0.21
1987,2014,8,0.784,0.515,1.037,0.388,1.236,0.265,1.300,0.228,NaN,NaN,27.65,0.21
1988,2014,9,1.452,0.766,1.051,0.390,1.272,0.271,1.309,0.228,NaN,NaN,27.65,0.21
1989,2014,10,2.259,0.985,1.055,0.459,1.319,0.280,1.307,0.224,NaN,NaN,27.65,0.21
1990,2014,11,0.854,0.813,1.200,0.481,1.337,0.283,1.309,0.224,NaN,NaN,27.65,0.21
1991,2014,12,0.665,0.297,1.239,0.479,1.345,0.295,1.297,0.224,NaN,NaN,27.65,0.21
1992,2015,1,-0.124,0.535,1.273,0.521,1.360,0.299,1.281,0.226,NaN,NaN,27.65,0.21
1993,2015,2,0.142,0.424,1.283,0.474,1.367,0.289,1.273,0.226,NaN,NaN,27.65,0.21
1994,2015,3,0.095,0.595,1.221,0.422,1.389,0.286,1.256,0.226,NaN,NaN,27.65,0.21
1995,2015,4,2.589,1.544,1.194,0.364,1.400,0.286,1.242,0.226,NaN,NaN,27.65,0.21
1996,2015,5,3.156,0.930,1.225,0.349,1.384,0.289,1.246,0.227,NaN,NaN,27.65,0.21
1997,2015,6,1.923,0.592,1.302,0.367,1.378,0.288,1.257,0.227,NaN,NaN,27.65,0.21
1998,2015,7,1.487,0.594,1.606,0.372,1.383,0.294,1.254,0.228,NaN,NaN,27.65,0.21
1999,2015,8,0.898,0.638,1.645,0.380,1.361,0.293,1.259,0.228,NaN,NaN,27.65,0.21
2000,2015,9,0.713,0.446,1.629,0.389,1.350,0.293,1.262,0.228,NaN,NaN,27.65,0.21
2001,2015,10,1.935,0.464,1.618,0.353,1.326,0.286,1.261,0.226,NaN,NaN,27.65,0.21
2002,2015,11,1.223,0.542,1.492,0.320,1.305,0.285,1.256,0.222,NaN,NaN,27.65,0.21
2003,2015,12,1.592,0.578,1.479,0.321,1.298,0.291,1.242,0.225,NaN,NaN,27.65,0.21
2004,2016,1,3.524,0.569,1.427,0.288,1.289,0.286,NaN,NaN,NaN,NaN,27.65,0.21
2005,2016,2,0.605,0.390,1.442,0.294,1.289,0.283,NaN,NaN,NaN,NaN,27.65,0.21
2006,2016,3,-0.097,0.459,1.492,0.295,1.291,0.283,NaN,NaN,NaN,NaN,27.65,0.21
2007,2016,4,2.456,0.675,1.514,0.349,1.284,0.289,NaN,NaN,NaN,NaN,27.65,0.21
2008,2016,5,1.649,0.441,1.530,0.329,1.285,0.291,NaN,NaN,NaN,NaN,27.65,0.21
2009,2016,6,1.768,0.528,1.582,0.333,1.296,0.295,NaN,NaN,NaN,NaN,27.65,0.21
2010,2016,7,0.863,0.366,1.257,0.332,1.274,0.295,NaN,NaN,NaN,NaN,27.65,0.21
2011,2016,8,1.069,0.430,1.379,0.333,1.294,0.295,NaN,NaN,NaN,NaN,27.65,0.21
2012,2016,9,1.319,0.452,1.648,0.357,1.294,0.298,NaN,NaN,NaN,NaN,27.65,0.21
2013,2016,10,2.192,1.033,1.697,0.365,1.272,0.295,NaN,NaN,NaN,NaN,27.65,0.21
2014,2016,11,1.426,0.547,1.818,0.376,1.279,0.283,NaN,NaN,NaN,NaN,27.65,0.21
2015,2016,12,2.206,0.506,1.813,0.395,1.283,0.284,NaN,NaN,NaN,NaN,27.65,0.21
2016,2017,1,-0.374,0.501,1.845,0.443,1.290,0.284,NaN,NaN,NaN,NaN,27.65,0.21
2017,2017,2,2.070,0.483,1.844,0.368,1.304,0.279,NaN,NaN,NaN,NaN,27.65,0.21
2018,2017,3,3.133,0.665,1.903,0.354,1.304,0.274,NaN,NaN,NaN,NaN,27.65,0.21
2019,2017,4,3.039,0.654,1.916,0.306,1.296,0.263,NaN,NaN,NaN,NaN,27.65,0.21
2020,2017,5,3.106,0.853,1.903,0.288,1.301,0.254,NaN,NaN,NaN,NaN,27.65,0.21
2021,2017,6,1.712,0.658,1.710,0.255,1.322,0.256,NaN,NaN,NaN,NaN,27.65,0.21
2022,2017,7,1.248,0.643,1.771,0.260,1.333,0.260,NaN,NaN,NaN,NaN,27.65,0.21
2023,2017,8,1.048,1.314,1.544,0.231,1.382,0.265,NaN,NaN,NaN,NaN,27.65,0.21
2024,2017,9,2.027,0.396,1.425,0.224,1.400,0.268,NaN,NaN,NaN,NaN,27.65,0.21
2025,2017,10,2.353,0.535,1.234,0.214,1.391,0.261,NaN,NaN,NaN,NaN,27.65,0.21
2026,2017,11,1.273,0.271,1.000,0.246,1.378,0.255,NaN,NaN,NaN,NaN,27.65,0.21
2027,2017,12,-0.116,0.317,0.939,0.291,1.379,0.252,NaN,NaN,NaN,NaN,27.65,0.21
2028,2018,1,0.356,0.411,0.892,0.313,1.370,0.248,NaN,NaN,NaN,NaN,27.65,0.21
2029,2018,2,-0.654,0.331,0.863,0.275,1.379,0.249,NaN,NaN,NaN,NaN,27.65,0.21
2030,2018,3,1.705,0.569,0.765,0.322,1.390,0.250,NaN,NaN,NaN,NaN,27.65,0.21
2031,2018,4,0.751,0.469,0.699,0.341,1.376,0.249,NaN,NaN,NaN,NaN,27.65,0.21
2032,2018,5,0.301,0.618,0.669,0.364,1.362,0.236,NaN,NaN,NaN,NaN,27.65,0.21
2033,2018,6,0.972,0.807,0.826,0.392,1.368,0.234,NaN,NaN,NaN,NaN,27.65,0.21
2034,2018,7,0.685,0.452,0.770,0.407,NaN,NaN,NaN,NaN,NaN,NaN,27.65,0.21
2035,2018,8,0.705,0.636,0.863,0.425,NaN,NaN,NaN,NaN,NaN,NaN,27.65,0.21
2036,2018,9,0.853,0.940,0.718,0.435,NaN,NaN,NaN,NaN,NaN,NaN,27.65,0.21
2037,2018,10,1.562,0.669,0.759,0.404,NaN,NaN,NaN,NaN,NaN,NaN,27.65,0.21
2038,2018,11,0.907,0.567,0.884,0.346,NaN,NaN,NaN,NaN,NaN,NaN,27.65,0.21
2039,2018,12,1.773,0.671,0.943,0.335,NaN,NaN,NaN,NaN,NaN,NaN,27.65,0.21
2040,2019,1,-0.320,0.438,1.011,0.350,NaN,NaN,NaN,NaN,NaN,NaN,27.65,0.21
2041,2019,2,0.462,0.587,1.090,0.336,NaN,NaN,NaN,NaN,NaN,NaN,27.65,0.21
2042,2019,3,-0.035,0.672,1.136,0.303,NaN,NaN,NaN,NaN,NaN,NaN,27.65,0.21
2043,2019,4,1.248,0.438,1.158,0.268,NaN,NaN,NaN,NaN,NaN,NaN,27.65,0.21
2044,2019,5,1.795,0.825,1.177,0.254,NaN,NaN,NaN,NaN,NaN,NaN,27.65,0.21
2045,2019,6,1.683,0.980,1.189,0.248,NaN,NaN,NaN,NaN,NaN,NaN,27.65,0.21
2046,2019,7,1.506,0.443,1.262,0.259,NaN,NaN,NaN,NaN,NaN,NaN,27.65,0.21
2047,2019,8,1.642,0.474,1.478,0.258,NaN,NaN,NaN,NaN,NaN,NaN,27.65,0.21
2048,2019,9,1.415,0.578,1.580,0.262,NaN,NaN,NaN,NaN,NaN,NaN,27.65,0.21
2049,2019,10,1.818,0.512,1.645,0.273,NaN,NaN,NaN,NaN,NaN,NaN,27.65,0.21
2050,2019,11,1.139,0.296,1.695,0.295,NaN,NaN,NaN,NaN,NaN,NaN,27.65,0.21
2051,2019,12,1.917,0.441,1.721,0.259,NaN,NaN,NaN,NaN,NaN,NaN,27.65,0.21
2052,2020,1,0.552,0.702,1.674,0.259,NaN,NaN,NaN,NaN,NaN,NaN,27.65,0.21
2053,2020,2,3.052,0.452,1.659,0.273,NaN,NaN,NaN,NaN,NaN,NaN,27.65,0.21
2054,2020,3,1.196,0.458,1.651,0.264,NaN,NaN,NaN,NaN,NaN,NaN,27.65,0.21
2055,2020,4,2.028,0.467,1.593,0.274,NaN,NaN,NaN,NaN,NaN,NaN,27.65,0.21
2056,2020,5,2.388,0.559,1.530,0.249,NaN,NaN,NaN,NaN,NaN,NaN,27.65,0.21
2057,2020,6,2.000,0.378,1.532,0.240,NaN,NaN,NaN,NaN,NaN,NaN,27.65,0.21
2058,2020,7,0.945,0.396,NaN,NaN,NaN,NaN,NaN,NaN,NaN,NaN,27.65,0.21
2059,2020,8,1.458,0.410,NaN,NaN,NaN,NaN,NaN,NaN,NaN,NaN,27.65,0.21
2060,2020,9,1.324,0.585,NaN,NaN,NaN,NaN,NaN,NaN,NaN,NaN,27.65,0.21
2061,2020,10,1.117,0.361,NaN,NaN,NaN,NaN,NaN,NaN,NaN,NaN,27.65,0.21
2062,2020,11,0.379,0.808,NaN,NaN,NaN,NaN,NaN,NaN,NaN,NaN,27.65,0.21
2063,2020,12,1.949,0.347,NaN,NaN,NaN,NaN,NaN,NaN,NaN,NaN,27.65,0.21
